clienteID,renda,idade,emprestimo,padrao
1,66155.9250950813,59.017015066929204,8106.53213128514,0
2,34415.1539658196,48.11715310486029,6564.745017677379,0
3,57317.1700630337,63.10804949188599,8020.953296386469,0
4,42709.534200839706,45.751972352154596,6103.642260140699,0
5,66952.68884534019,18.5843359269202,8770.09923520439,1
6,24904.064140282597,57.4716071025468,15.498598437827198,0
7,48430.3596126847,26.809132419060898,5722.58198121271,0
8,24500.1419843175,32.8975483207032,2971.00330971188,1
9,40654.8925372772,55.496852539479704,4755.8252798016,0
10,25075.872770976297,39.7763780555688,1409.23037111453,0
11,64131.4153722487,25.679575353860898,4351.0289707232505,0
12,59436.847122851796,60.4719358547591,9254.24453803174,0
13,61050.3460792825,26.3550438545644,5893.26465933928,0
14,27267.9954580963,61.576775823254096,4759.7875810455,0
15,63061.960174236396,39.2015528911725,1850.36937703064,0
16,50501.7266888171,-28.218361321371003,3977.2874324738395,0
17,43548.6547113396,39.5745303500444,3935.5444533423497,0
18,43378.1751943752,60.84831793932239,3277.7375531263,0
19,20542.365072760702,61.6905707078986,3157.4422899706606,0
20,58887.3575488105,26.076093018055,4965.51606626419,0
21,23000.7840017788,31.761354170739697,1148.11805715996,0
22,32197.6207010448,-52.423279919661596,4244.057136123401,0
23,23329.3194137514,48.5769745339639,222.622298697307,0
24,27845.8008938469,51.9706241027452,4959.92122589578,0
25,65301.9840293564,48.84092176985,5465.26788565462,0
26,47451.6301229596,27.031741308979697,5361.28271628474,0
27,63287.038907874405,-36.4969755136408,9595.28628892989,0
28,45727.4598698132,55.83992184512321,6376.82294883561,0
29,59417.805406265,,2082.62593812344,0
30,58842.8913080133,54.510947563685505,10871.1867897838,0
31,48528.8527957164,,6155.78467025544,0
32,23526.3025551103,,2862.0101387461,0
33,67252.9006074183,38.1319074640051,4221.30315714475,0
34,58886.8512935005,38.6615042379126,7271.552032470579,0
35,57584.9737902172,36.672020919621,1728.4237547148,0
36,26289.9723066948,20.666778734419502,341.146965986397,0
37,25952.3814707063,58.185017302632296,2109.2007717368697,0
38,32464.091880247,50.2250059167854,4326.70507344396,0
39,60921.0631041788,18.840525757987102,968.836382674606,0
40,26578.5366925411,32.6760442531668,3489.84313638823,1
41,66260.1215578616,32.8966930676252,7035.58910734261,0
42,58787.455239798895,62.641302851960106,4167.78672391926,0
43,62545.7087112591,49.0404332359321,4362.90581198044,0
44,24381.9534475915,25.252330708783102,4227.0189863608,1
45,67852.1058685146,47.3218990601599,5730.588251384711,0
46,41725.6128555164,18.130038363393396,1185.2146998461901,0
47,41896.9715991989,47.25073103467,4892.209733649001,0
48,44379.7296541743,50.088671288918704,1814.33508159906,0
49,28416.899375151803,57.9287192984484,1788.97373591901,0
50,68427.163111046,46.308240193408004,1658.0702332123599,0
51,35975.7949295454,35.7086517671123,6610.36617887751,0
52,57596.3540980592,29.2460566032678,3344.38440143163,0
53,29681.8830934353,54.9592871875502,1745.87167418898,0
54,51656.938674859695,47.7150637004524,7158.13906028943,0
55,24912.8426820971,49.3663711971603,267.696298601759,0
56,47761.8240681477,50.09815906733271,5549.799127875761,0
57,22248.1792024337,23.4436241723597,4364.9752805952,1
58,29724.4768752716,31.9685264034197,3075.34572793243,0
59,52143.8236744143,20.8376339208335,2393.0996785886,0
60,56577.7228609659,36.847800681833206,5947.42172129888,0
61,37660.770716611296,53.7450604746118,2129.59716481131,0
62,37403.7953955121,47.944121700245894,2044.04704534067,0
63,31652.6937345043,62.0238024718128,5151.07044539045,0
64,32727.700732648398,34.4748710067943,1087.91936375134,0
65,69078.6048118025,25.107524048071397,4076.58391416475,0
66,40622.194872703396,41.5271887867711,4949.90233344449,0
67,37521.0171728395,60.541077433619606,8.01207624713557,0
68,30735.808499157403,22.242097743786896,5946.822296779959,1
69,24857.6948815025,21.598676353692998,2692.1634585589,0
70,33180.2015937865,49.565977277234204,4621.99774242203,0
71,66628.2600886188,52.3838734384626,5992.885092439251,0
72,38564.932129811496,21.2164916703478,5604.16999048292,1
73,33704.5084964484,33.1831062319688,5898.0008931423,1
74,57018.484831787595,44.825715307612,3507.25216607221,0
75,40526.9027850591,28.6063759573735,2119.98491147902,0
76,50827.9805234633,51.0129371876828,1765.98333716344,0
77,40775.8115953766,60.28875682642679,1922.6100223272501,0
78,55467.151412740306,56.851330957375495,9226.902040898041,0
79,38789.0293891542,61.229285428766204,7650.65520988095,0
80,58074.8401279561,50.07492427434771,7388.02443997422,0
81,57814.1063381918,43.8309230962768,7252.120003970849,0
82,45190.729182213494,53.839520003646605,7893.55988850644,0
83,36801.9071803428,43.0279434239492,5406.34492649729,0
84,68811.7794157006,24.038265345152503,4211.30261071966,0
85,30483.2955286838,33.656441235914805,4514.0097801128495,1
86,44930.394173134104,19.777385845780397,7708.31562497011,1
87,43671.456554438904,25.5850369762629,8066.69786524019,1
88,27612.9148015752,19.2124481862411,1513.62419967009,0
89,53607.326925266505,27.561712404713003,2378.7661730363297,0
90,33036.6831202991,25.063367417547898,958.9798221228019,0
91,64275.834888685495,61.440913001541006,7520.032053087841,0
92,30673.8375034183,59.3338370760903,383.107569352407,0
93,58793.6143088154,56.494410405401105,4391.981053651471,0
94,21053.4906177782,63.3794076466002,754.601882142809,0
95,42095.4222022556,55.366188046522396,1183.70456825763,0
96,50360.6787929311,28.839542468544103,4217.166823074771,0
97,41970.7244774327,63.169913943857004,1622.3173923260401,0
98,51663.410179317005,63.735710240900495,4147.8885848744,0
99,53601.812436245404,20.240621272008898,9601.375482171099,1
100,43439.98872675,24.179470323026198,6879.30600704276,1
101,51461.0531670041,36.6515586250462,7292.264176862579,0
102,41285.1723073982,47.976308161392794,2313.8250047973997,0
103,62895.7497701049,49.922603716142504,2001.28151391029,0
104,57296.1608227342,25.7084823274054,10601.082782855601,1
105,60844.092494808094,45.6552049978636,12072.255757971201,0
106,47634.5495483838,44.2948713297956,141.703817946414,0
107,23998.3236929402,29.9100334881805,3928.3039085182704,1
108,63391.6159672663,34.7392676644959,190.889274816911,0
109,21534.5512190834,44.3150380225852,228.33538696889,0
110,28255.6525128894,35.5140173663385,2109.2427976728,0
111,36496.1339323781,19.5157164894044,165.506090118747,0
112,41631.6662961617,53.0476547656581,106.09074717934999,0
113,68762.4166649766,20.991243356373197,2796.75230312401,0
114,30075.264924671497,29.2350565218367,2628.57792284269,0
115,41302.6741752401,38.6606185785495,1379.91312425834,0
116,39703.759427648,47.4687409927137,2403.4782156904503,0
117,63161.0920350067,59.6751149813645,804.092441476811,0
118,63062.1420964599,26.585778484120997,56.166164387319995,0
119,34507.5279055163,38.587783391121796,1793.75025542512,0
120,27954.7077650204,29.9045216715895,1627.0414050731,0
121,37369.3820601329,35.341948841698496,3783.6011509907503,0
122,43912.062740419104,23.8219211781397,7757.136788699259,1
123,22766.7745016515,29.325901472941,1429.4017623047,0
124,21603.3057007007,21.375033318065103,178.333870986952,0
125,61952.906688675306,18.477425018791102,3635.6005890215,0
126,36116.3650918752,22.5358841912821,1494.9845683242902,0
127,26157.7772721648,22.8269377253018,2295.81165641849,0
128,26458.3832048811,59.5229867356829,552.398166405428,0
129,69156.3037736341,53.410862499848,7364.7355776451095,0
130,39441.4447643794,46.7538959244266,1034.7588383330901,0
131,60119.0658099949,45.0769692314789,1810.9604596641602,0
132,55613.485460635304,24.3771287729032,4255.2521372008505,0
133,37049.3862358853,29.4230185477063,6056.81721377313,1
134,23122.0649252646,53.3095358414575,4263.49303076889,0
135,48790.1324336417,32.4756210590713,5519.09603957038,0
136,59132.6851560734,48.3449929575436,4575.52763542752,0
137,55305.5748273619,53.582279865164296,8176.70716548325,0
138,26037.4636435881,24.7831077934243,3293.25087871026,1
139,64899.8050298542,38.1160166831687,4654.249217083549,0
140,27089.124317280897,21.2076896023937,5029.48878154619,1
141,45341.4746373892,22.569568357430395,6525.21842259918,1
142,24865.7980747521,37.3097529392689,4439.11615420807,0
143,28239.5432051271,26.1922096619383,4189.83256804479,1
144,52730.0805016421,50.2377849854529,5706.32532253577,0
145,28982.0581488311,39.048409874551,2898.7618238762298,0
146,36221.2660070509,26.101500419899804,5094.6700842702,1
147,33551.1243715882,58.8569274861366,4333.360862430611,0
148,43891.3559704088,49.1538267019205,5792.906333268111,0
149,45148.885720409504,60.525006453506606,6455.3917717800905,0
150,58481.012161355495,40.8329182346351,5380.56059607515,0
151,69579.9292111769,57.756243164651096,10868.2414720072,0
152,52743.3085651137,44.048516512848394,2684.70067065167,0
153,65635.6615293771,51.1677144751884,12701.603475,0
154,34559.907035436496,29.1121819927357,3317.52987409072,0
155,60218.53152662519,32.4718877156265,3157.9610817063103,0
156,51689.548538997806,46.154191521462096,9881.97600620667,0
157,47541.61433549599,55.2345850714482,1611.21659719418,0
158,62905.79302469269,27.9096519639716,11423.936295348798,1
159,65632.6045794412,47.1057667518035,12498.040454376298,0
160,31847.8537187912,41.4163357610814,2913.7699313302696,0
161,27947.440282441697,58.3484551762231,5514.11742142548,0
162,62246.7272495851,31.081884507089896,406.720769305791,0
163,40154.6885655262,60.5296831950545,6013.15287400369,0
164,58627.5548837148,33.1156532461755,1215.6525598047801,0
165,33441.0510654561,27.873486188706003,5282.728560308379,1
166,55603.7867954001,43.8394727888517,1411.13008049743,0
167,31046.3789664209,29.297398745548,4907.67408446776,1
168,44708.09987280519,21.108773565851198,2390.8505965863,0
169,23340.2706962079,42.8286152952351,2707.7609389629897,0
170,24830.181971192404,28.9702452290803,2046.6850503447897,0
171,31422.7473852225,53.898080206010505,1686.83590183974,0
172,60477.23384574059,60.4021064555272,10711.700895547,0
173,26039.0214901417,49.3904022299685,2056.75238228244,0
174,36186.8480732664,50.5067522143945,1130.7352653068401,0
175,39772.1187258139,43.725447806064,5492.89368937988,0
176,34730.1640710793,63.37623301194979,818.5084418876919,0
177,23118.4833147563,57.5810503219254,1746.93655902557,0
178,50072.8476257063,33.0152727491222,8088.568018568091,1
179,67465.06238589059,23.611053848173498,1802.61699404161,0
180,38625.6320099346,19.6300378022715,5836.56338145928,1
181,45227.482826449006,26.723162444774104,5521.5074051112,1
182,64901.897734962404,44.9388158493675,9589.83352507197,0
183,40543.9135432243,51.460875617805904,6507.8501914892895,0
184,27793.2667220011,60.5169084747322,382.24890411041497,0
185,61167.774819769,20.5836314358748,10396.6181477631,1
186,64619.6646196768,26.042092686519,9704.7824094498,1
187,37593.7578664161,54.0104153105058,7274.32562822359,0
188,35032.6495990157,56.72462562192229,135.931684494729,0
189,58364.4649758935,55.59654947882521,5809.8990004484995,0
190,56945.8104134537,45.5540205067955,6388.369826233511,0
191,27204.8485511914,29.0720967198722,3827.8939146126,1
192,21648.261025548,52.5870399242267,3558.52726155765,0
193,31077.8568894602,44.2215166972019,4452.330679191939,0
194,42522.9224073701,53.868651077616995,6790.85026335851,0
195,31769.247718621,44.774380587507,1148.22143592675,0
196,35556.779911276004,23.7774331844412,6361.97343810153,1
197,52908.824237529196,53.6956359203905,9841.080552709609,0
198,35045.1314053498,28.653283655177802,2382.46677216556,0
199,44488.1644845009,33.4312054850161,2751.08884293104,0
200,41679.9371177331,53.6699082404375,395.000775087053,0
201,54619.9471969157,52.42442217422651,10780.2718821749,0
202,38053.6231258884,26.2068803249858,6110.57279243647,1
203,64718.661776278204,37.2764920084737,1485.07993541129,0
204,43159.0849696659,62.44209669111301,4350.01989674202,0
205,29445.510501973302,28.4456774769351,1758.88186466259,0
206,25817.389884032298,37.9454801897518,4115.4847193336,0
207,66356.8567414768,61.5248488285579,10725.484727782801,0
208,56676.15799931809,46.6789695257321,2278.55434854177,0
209,61000.0427742489,48.6236102138646,2160.78490802133,0
210,58906.2516856939,42.0493419757113,9290.575344923871,0
211,49589.1537214629,42.7752558849752,2627.4054884209,0
212,40141.6035415605,56.151418384630205,845.3663712741251,0
213,31659.7282118164,31.9281536792405,858.511387999185,0
214,62658.221628516905,25.4631600710563,3343.36716094004,0
215,39264.4834984094,37.027752841822796,5255.78828313976,0
216,46643.1264812127,53.405083367135404,6440.861434225771,0
217,30515.372117515697,20.1618777224794,415.240434973958,0
218,65077.322027646,50.979134705849,11061.8118946308,0
219,60871.86900433151,61.260144198779,4844.1722236386995,0
220,25011.103895958502,36.2151896632276,3834.0427822766997,0
221,68407.1855084039,60.93758158152921,597.9440655279531,0
222,43727.439343929305,55.1925993468612,1170.55633399312,0
223,45788.747100159504,41.2619462260045,5894.04131672805,0
224,65705.0108234398,50.9284318452701,1969.7941341928897,0
225,32434.7025062889,41.3531710146926,2738.44049607766,0
226,58121.668575331605,27.3018002295867,7531.10124850389,1
227,62498.5072459094,31.9096907987259,3312.8776215380394,0
228,26090.725876856603,48.07852007215839,4255.62639181993,0
229,64780.93853686,20.2281011762097,8402.415585756991,1
230,65588.4034163319,22.918212262913602,7879.738136012421,1
231,65743.7036675401,52.300504095852396,7724.57141377445,0
232,37164.521582890295,47.2954547600821,1445.80218914379,0
233,65176.5297795646,48.9632109752856,2365.28749039987,0
234,34615.542173851296,25.5143896490335,6476.760852061379,1
235,59079.4650535099,58.6383316046558,10326.0897733222,0
236,56267.1716371551,22.4861360387877,7329.243163822591,1
237,34862.8212860785,54.964873311575495,6040.77206183173,0
238,60521.3641002774,45.424993005115496,8035.88317278016,0
239,42276.7829080112,57.9306961889379,8055.305084123921,0
240,38451.1777129956,63.4214554904029,3441.26141621257,0
241,45985.108653549105,53.5338888033293,7382.056426137521,0
242,51000.4224418662,27.8029975118116,778.732695554933,0
243,31523.1077652425,40.446167938876904,5174.57056869183,0
244,28648.676751181498,18.396969827823302,1870.9252528540699,0
245,27514.427963178598,21.8976978017017,3400.91074388565,1
246,27441.0003842786,37.399069886189,1455.0476020381197,0
247,67709.2415909283,50.4129322776571,5136.81930751016,0
248,38600.7071868517,44.7227962231264,2749.08019063432,0
249,30950.295405928,26.310194327030302,5043.14863656084,1
250,27083.822868298703,60.6666585183702,3286.2128815586602,0
251,21512.7452672459,24.7795283021405,2453.3761214986803,0
252,34796.0035596043,58.4878998775966,443.66653811321197,0
253,27089.3928408623,51.29419703828171,1851.31156299008,0
254,25259.4016306102,39.7397662643343,4341.00808194247,0
255,47007.3135849088,45.01979642966759,4069.40264613646,0
256,20358.665024396,53.6151803117245,1064.68691788658,0
257,67900.2265259624,43.5143038420938,7902.74296522359,0
258,54418.470994569405,55.2220663037151,5630.7412209842605,0
259,51288.5546940379,29.9207484745421,6536.96636294544,1
260,28199.601632077203,36.6687041711994,3871.6889019340706,0
261,22199.615142308197,60.104818883352,1498.39091851883,0
262,50514.4696263596,57.3796501425095,2003.65357036953,0
263,34414.2403383739,54.53017240064221,617.538752197269,0
264,37633.087432477594,29.421412573196,868.1624732744141,0
265,55235.5040726252,47.0052601420321,4910.54765823574,0
266,45587.5518429093,62.022138073109105,8366.61426770219,0
267,52757.7949385159,53.082214448601,2321.20631423091,0
268,41174.8081259429,52.339376373216496,2888.4447099632202,0
269,25685.535201337203,39.0091894618236,490.742921135624,0
270,28145.302999764703,55.547629611100994,4805.97154908401,0
271,52094.21837236731,40.8445077631623,495.021199154345,0
272,33552.3859760724,25.1596109354869,6054.24412635839,1
273,37400.9337672032,50.108486676123,1693.13737803293,0
274,21605.7250904851,23.238169600255798,2828.30861825601,1
275,57562.89173616099,56.6005673469044,8508.83539912434,0
276,62288.53960521519,25.6021726368926,10657.1061233567,1
277,22767.264202702798,45.1232806812041,1205.78601273801,0
278,20943.0433274247,19.8196311858483,4098.11578954984,1
279,20622.860097792,30.4140330967493,3518.4526294613,1
280,48436.664631590196,49.0278497678228,5851.4097886154,0
281,27574.634184129503,57.6437090644613,1017.39615953411,0
282,62889.362142887,33.2456503002904,6525.15179253791,0
283,37683.2004915923,55.587210861500395,7414.5528532260305,0
284,54974.455495830596,61.9842032282613,8922.19971681344,0
285,56326.0866724886,40.4054552190937,4816.77607411979,0
286,65670.8834390156,50.0046984688379,3950.8701721497205,0
287,50730.7333918288,41.9700667927973,1879.05966237435,0
288,64184.9157912657,46.4470364344306,1854.23961318048,0
289,66179.3241091073,48.120799149386606,3646.9378597936798,0
290,24969.5268040523,45.1209932160564,3595.50194172919,0
291,54925.518266390995,40.805603108834504,554.4883448103379,0
292,67879.2480193079,43.5972086614929,10433.4743453989,0
293,67787.526762113,53.362340441439294,9607.49884661811,0
294,31657.619301695402,37.778664294630296,1448.07198358459,0
295,36559.1350290924,19.716176087502397,3030.26724082269,0
296,57787.565658800304,22.6446692147292,6339.85084448677,0
297,42521.726007107594,47.704288747627295,2661.61251596017,0
298,51935.1806305349,21.495505332946802,5649.452468489761,0
299,45677.8761278838,51.69305562227961,2966.246125205,0
300,51363.5958125815,21.0219965986907,761.422404184785,0
301,27218.561030458703,55.171019956003896,4145.00358705858,0
302,43677.6292207651,32.553030352108195,6739.8585984927895,1
303,21533.595507498798,57.9016834627837,1971.554219965,0
304,28010.190934874103,55.3668996649794,3971.1554788077397,0
305,51589.2827464268,50.3134648902342,56.9909740698165,0
306,50480.952688958496,27.080390626099,8831.18436544789,1
307,43957.35058235,21.1448488398455,5416.3577980789005,1
308,61878.346551675306,33.006359541323,567.6687734239409,0
309,60153.3369673416,20.3008601283655,6472.34700724504,0
310,33388.5833434761,62.0016749538481,4551.8768886076705,0
311,41310.4017777368,53.576940739993,4481.162212528449,0
312,25576.9539321773,51.932268046774,1922.6566258695498,0
313,51455.0984534435,37.2856837031431,9447.117157424409,0
314,48134.1569265351,47.969675232190596,2075.59611242181,0
315,51348.5273043625,52.4367397828028,1507.89134084423,0
316,20532.8237311915,54.6232338510454,1897.7808208720398,0
317,33297.2140214406,46.5799600426108,3674.7413401434706,0
318,55858.5492358543,25.8665337795392,5630.44497235335,0
319,43777.5184796192,20.0109276962467,3601.29968528693,0
320,27789.519056677796,58.5191334835254,186.828073932876,0
321,36132.423875387794,34.2942604152486,99.4495914003405,0
322,20145.9885970689,21.282783722970603,839.8390632084551,0
323,63108.7073870003,43.1939415303059,5757.84899502697,0
324,26581.6145273857,61.9533737506717,5090.39277440685,0
325,62040.889628697194,62.049800970125894,7643.631046107171,0
326,69958.7055412121,30.5360198994167,8755.6919767255,1
327,38082.5195158832,45.519977238029206,4213.46525948758,0
328,45183.054176159196,33.8955782176927,5953.45352370895,1
329,36242.447961121805,39.415470788721,5688.994849119101,0
330,44527.2589032538,42.09009227762,4588.472285879389,0
331,40496.2558229454,20.105458715930602,4834.60379766491,0
332,24698.669305071202,48.9125574673526,2427.65078779499,0
333,60560.3055260144,49.75058566872029,1994.6211339084698,0
334,48018.211456947,50.2041390226223,6120.090021073979,0
335,30216.2519586273,26.563716534059502,2116.53731014055,0
336,61742.239950690404,44.872607807628796,8068.319703512409,0
337,47288.4266683832,62.42846685694529,4004.9888524873704,0
338,24658.8993165642,59.436500572133795,590.598081194187,0
339,64644.3481021561,58.840656749904205,9848.171448939891,0
340,57517.7241396159,52.4860697872937,4536.85720940257,0
341,52945.5477884039,54.6319151935168,6262.00794529651,0
342,36366.990411188504,47.191410086117706,371.040895011703,0
343,62113.7295663357,27.8844150044024,11928.5098562393,1
344,62279.5195016079,26.6664690533653,6801.4058925032805,0
345,61799.0849586204,56.9579610438086,5619.21760364769,0
346,50139.7400093265,30.2678123456426,7758.79982277807,1
347,69566.6843489744,52.967087706551,9875.03718259757,0
348,44897.4883696064,51.3580610542558,5732.39903226614,0
349,22572.3027647473,51.01624041982,724.193188479234,0
350,37123.0796375312,19.9466844960116,5659.509277874139,1
351,68744.788649492,60.7300558583811,5207.88311679924,0
352,21081.1941814609,52.3828332629055,2395.1653496083604,0
353,58828.2921165228,32.4029204347171,5947.64546828592,0
354,46706.4588610083,18.8303362894803,7084.263509070559,1
355,32312.8533829004,28.155320470687,228.330803623653,0
356,60778.7650241517,43.0130229773931,10021.0492234587,0
357,30948.0415470898,42.7513535995968,3995.80729495872,0
358,60122.011571656905,62.9096049447544,7189.3507350953405,0
359,43321.6811204329,32.2862543463707,743.86714101317,0
360,47904.3412418105,40.039270239416496,6183.514146370021,0
361,58597.3832453601,53.28803373547271,2588.49026590007,0
362,66091.9059114531,24.2041407017969,8743.509701223791,1
363,47316.7013772763,27.0641977209598,1940.6740439248601,0
364,40872.6397715509,54.948061559814995,5312.49170624282,0
365,35154.4934837148,52.899213241878904,4037.7196037478707,0
366,32222.8188090958,61.8106158780865,934.477133128546,0
367,40447.672961745404,22.492923848331,1072.1926587434698,0
368,48463.2045542821,50.52642975049089,8120.2580899123295,0
369,42843.0991293862,28.6317861331627,839.8690240153251,0
370,50310.422438196794,53.038696864154204,8361.7191002815,0
371,57565.1999609545,37.737854486797,5353.56165390711,0
372,55066.1829696037,55.739200699143105,9332.70266633384,0
373,46065.948209725306,52.8386391988024,4947.308727595901,0
374,38309.585656970696,55.42913449741901,3545.72397128405,0
375,54472.144756000496,59.245984996668994,10836.3830881501,0
376,58695.0943968259,29.7744096326642,1826.51630229436,0
377,54748.9123116247,31.596858642529696,5438.09369329612,0
378,46328.171917702995,56.84083063574511,7879.67620843062,0
379,49633.327468764,38.98900888860229,7915.31344330937,0
380,66339.78387573731,35.5919052129611,2350.89150808837,0
381,62650.719662196905,33.4840662707575,6425.36536372003,0
382,27646.780053619303,56.311668782029294,3132.1486918114397,0
383,21437.6157545485,45.7314004921354,2563.96087298893,0
384,50648.1984443963,56.5173067129217,7110.755833314191,0
385,29670.6718439236,53.550199660006896,2928.98408763734,0
386,20258.538662456,29.115531621500804,2767.8372998142,1
387,34475.2179738134,42.307918459176996,3162.1338373512704,0
388,28926.432463340498,62.065251282881896,750.0671069984869,0
389,20660.6689537875,49.363881094846896,1756.0376249661401,0
390,24987.934092059702,49.0651086377911,3946.89824562224,0
391,29672.5608105771,51.0198048097081,607.909484188127,0
392,23241.5998866782,40.8477560305037,457.19661720842697,0
393,24217.2287590802,23.5107674831524,2104.38432287864,0
394,65574.0933422931,23.513042524457003,3031.24632606192,0
395,55994.4587922655,31.1392572042532,680.619696071219,0
396,67369.3321226165,57.6342398361303,2299.4181716088,0
397,23305.7714928873,28.2175287632272,4521.00431151248,1
398,35195.4663451761,49.6584056043066,2836.98817845671,0
399,27135.072618257298,54.83645980479201,1387.2488010579998,0
400,24037.1651411988,23.3115743244998,2469.36442601101,0
401,51625.3132303245,44.808841190300896,4592.245550450871,0
402,50705.7662634179,53.2058221558109,1096.96707536899,0
403,58079.1569012217,18.6630267929286,11540.045811650702,1
404,62192.4670692533,46.0507889031433,1863.89100271298,0
405,62553.6684109829,63.9249755814672,4641.704784522371,0
406,68147.9573179968,22.9843944823369,12307.5623225278,1
407,27619.6614070795,47.5405059303157,2774.8327811003196,0
408,65330.1928355359,28.5899873124436,4030.80369209214,0
409,26680.1458364353,47.7617399827577,1671.18492391845,0
410,46104.5989114791,51.0563588943332,2342.47292088101,0
411,44904.597643762805,44.206686655525104,4953.77359939866,0
412,52934.5944337547,50.4029816468246,3248.62771841795,0
413,43509.7577562556,18.075335860718,7363.03763852006,1
414,22118.3573291637,63.0159466909245,3928.1218464785497,0
415,56275.4100235179,30.249871416483103,2224.8841598973604,0
416,48630.9795337729,27.0216773641296,5862.83302915672,1
417,64272.6999986917,37.7780147739686,4929.87881849349,0
418,24349.002952221803,53.7525228345767,3890.4710496590997,0
419,34332.3152558878,36.5013708979823,1225.72022331307,0
420,64940.241088625,43.9410412409343,8196.93072552584,0
421,30595.7480147481,40.9114946299233,3495.0698810157105,0
422,53422.2162491642,28.188530517276398,7441.75961676144,1
423,69995.6855783239,52.719673210755,2084.37086090284,0
424,48270.796244032696,45.3058510269038,6232.28039861045,0
425,27028.155587613597,48.1095946743153,331.364308695631,0
426,23519.866091664902,34.393706864211694,2368.3812306499804,0
427,37302.0833986811,35.0154038900509,2366.17424012737,0
428,55601.2718519196,18.8429928976111,10533.4551622879,1
429,62678.6454510875,25.8393941298127,333.441398145797,0
430,41602.4339781143,25.2598693897016,7005.0792919714,1
431,27533.001329284198,46.7659284593537,1551.4202880312,0
432,30594.1765592434,50.043820101302096,118.34214214338499,0
433,47846.9459037296,24.4183572856709,3713.26268829211,0
434,55273.2750005089,25.4163910276257,10282.9974457346,1
435,23086.2554092892,24.849960332736398,1256.4011595099698,0
436,29621.2748787366,32.4554232852533,5575.2536907666,1
437,47533.920947462306,39.955194065813,6637.770870559039,0
438,62519.184178672695,44.409974959213294,2324.5477054729,0
439,50878.95903736349,44.9651258219965,3257.0126292117498,0
440,58580.9595114551,56.62695133779199,4317.71547822747,0
441,69445.64944598821,28.818273770157198,10643.404179056999,1
442,60929.172351025,60.058777673635596,11146.0744599728,0
443,35496.6654954478,47.0027460702695,168.054785283069,0
444,33572.423497680604,57.44221935840321,3369.37702306496,0
445,55306.9143486209,20.1403118157759,5272.53501398802,0
446,34141.9276362285,47.151148673147,3371.6643103609003,0
447,40453.8909485564,20.709892833139698,890.93953525642,0
448,69088.7774154544,53.9356266343966,11246.488154757,0
449,30885.6922015548,55.1507588205859,5216.354091171161,0
450,58683.226320426904,24.8449592967518,271.734468486729,0
451,60675.8121564053,39.963906200137004,11617.7489093447,0
452,68460.68002516401,35.775600387714796,949.9566246969209,0
453,63653.8399080746,27.515368877910102,8866.527185298779,1
454,42522.5757574663,18.326122155413,5036.25528047363,0
455,54140.429133549296,30.888892731163697,7896.2237660972805,1
456,47548.362617380895,47.839100137352894,6153.9365638338295,0
457,24114.012257196002,52.3358155498281,3900.82960084791,0
458,20686.2390902825,33.2805235567503,3052.5766906145695,1
459,21412.3086119071,26.382710393052502,2639.7101263171,1
460,69391.1465979181,63.800670907367,2550.26514748866,0
461,32319.262220989902,42.9319930765778,2733.42055865967,0
462,52862.947136163704,47.33139712037521,9754.15223893674,0
463,48383.2761459053,39.7047263034619,2763.26395484522,0
464,36430.5384038016,38.2274417518638,5855.18559413532,0
465,44268.8940139487,27.9331710166298,6043.14310633161,1
466,63806.3292531297,56.6321662031114,114.49996740621799,0
467,46195.7771726884,32.4135985886678,927.0675938508431,0
468,23743.1607721373,42.734577716328204,3254.74895032068,0
469,22089.8374845274,21.2967032683082,2584.02203777874,0
470,54707.2885138914,44.2378814583644,10255.1901115656,0
471,23203.647187911,58.56887606671079,749.145368410122,0
472,25342.250678222597,40.3611400881782,871.530091132259,0
473,31645.632819272596,32.1632712800056,5193.83819663771,1
474,32306.8084008992,21.9063058434986,3603.3640781354297,0
475,61262.81632343309,49.4130304073915,5564.163603137889,0
476,26388.7272961438,19.3715205355547,1191.33213785363,0
477,53009.4254342839,36.0744793792255,3589.25350629665,0
478,58163.54067530481,58.74748469516629,2237.92776424099,0
479,38665.033928118595,55.1259217481129,6152.00483311834,0
480,25289.047223050096,53.3427248103544,3701.53760172254,0
481,66049.9340319075,29.315767397638396,13172.6812981319,1
482,56282.982525881394,62.369888597168,8215.55838399949,0
483,35778.6152325571,30.6282073752955,5544.654683502529,1
484,29174.240310676403,18.5286279926077,665.577000121256,0
485,55934.432561043606,60.7552497629076,5643.179899328969,0
486,32256.8615246564,20.0963994744234,2809.32218484219,0
487,68052.8069194406,28.758801679126897,1415.71826260479,0
488,26957.053870428397,55.2648774106055,4172.98823810663,0
489,48685.04201760519,32.5332560278475,9698.582169129,1
490,38288.0710810423,28.7354316161945,1723.3993728988098,0
491,42468.0208251812,28.625819175504102,1902.26561035478,0
492,55377.7730255388,46.9182215244509,6882.87341589713,0
493,54231.7027854733,21.274210639298,10156.1423121761,1
494,53283.25870679691,49.004692913033104,4065.2187953051503,0
495,52534.785475581906,47.1836194796488,3810.1318418453498,0
496,47847.51562867309,26.651837771758398,8494.01643069754,1
497,59998.253271915,54.308926813304396,4659.53597585937,0
498,58684.5130124129,31.7322647487745,5415.81741673557,0
499,49114.787932485306,61.481522549875095,6388.85036020661,0
500,57179.402005858705,21.3731215777807,2991.9673507143602,0
501,69395.1164768077,23.9513885802589,11047.684335060701,1
502,43963.7380116619,41.553842225112,4481.43686080601,0
503,66326.4724705368,40.9803287507966,5602.16002178427,0
504,35886.7268357426,34.6683487799019,843.74909202058,0
505,35578.2341142185,42.3945969995111,3640.8488855601204,0
506,48689.0004295856,36.563092165160896,3859.4718229816294,0
507,56510.8353551477,47.308286137413205,9255.43964893025,0
508,50275.8999634534,41.8198233190924,5541.821255211639,0
509,56665.4940880835,61.6451227366924,11159.7931652015,0
510,42912.090539466604,60.5821975269355,4550.12285317107,0
511,22169.7292220779,36.9707166915759,947.19963838056,0
512,35919.8073204607,27.3041244307533,1227.10948383375,0
513,61987.6852654852,27.6310877874494,2618.2430369954,0
514,30044.6835160255,49.7740637762472,1428.43962505335,0
515,61528.2724192366,55.9030230478384,10897.9054797653,0
516,31196.4917741716,47.178784891031704,987.261536638484,0
517,66003.95999150349,33.0735146761872,11207.4952297971,1
518,56960.67384444179,25.517999139614396,4856.48345389872,0
519,41315.1078904048,57.5200941171497,1378.90905711849,0
520,64913.343840744295,26.766311223153,9781.3267216691,1
521,32804.904486984,62.2943905089051,4961.25568000026,0
522,25789.2097975127,26.494169670157103,2410.2774142149,0
523,31908.354307524904,38.2525118570775,1857.4615780455701,0
524,56050.3025818616,23.973829543218002,6870.83901013046,1
525,66505.7756868191,25.618240618147002,6571.19702062939,0
526,57504.071742296204,55.717134432867205,8107.26764489386,0
527,44619.111488573304,59.8524872446433,2474.97715917028,0
528,21158.935285639,54.303912614472196,3562.30829594435,0
529,22765.1909156702,20.5874274233356,540.617724673382,0
530,25052.820255514198,45.573993484024,3367.7019234673803,0
531,61006.107302382596,54.181295569520394,5850.77069132097,0
532,62321.242473553895,45.890282799489796,10649.0720502131,0
533,49604.544211179,51.944008814171,7045.91920223369,0
534,48433.3734889515,28.5319973430596,789.63336134554,0
535,57590.283283498095,19.497102680616102,7676.310662575241,1
536,62691.7013712227,25.0643792431802,8244.74889955889,1
537,51121.6568690725,58.527180749457294,6471.62820239922,0
538,22516.5403494611,55.518926667049506,4267.45190233138,0
539,60857.2350512259,37.3942870064639,10486.7443460306,0
540,62908.357479609505,51.146827210206496,3213.8981455284397,0
541,49665.63383815809,50.3192126206122,2713.88507461967,0
542,65322.8010679595,41.45419508824121,2739.71998955614,0
543,20598.9265628159,35.7711543226615,3872.4024682347203,0
544,55476.6569798812,52.089202798902996,4733.50582969986,0
545,26218.4948474169,18.4162362311035,3343.81635769923,1
546,40794.8702271096,38.04052822338421,6519.437059856079,0
547,53719.6511100046,42.8901015482843,1670.73789259357,0
548,20715.535634663,27.5303214336745,369.527739366732,0
549,57163.8523996808,53.544819686096204,577.530782393529,0
550,33751.205313019505,25.301877188030602,6494.1843356626405,1
551,44832.564720418304,32.1782629601657,1256.25353818891,0
552,51035.6334550306,58.9949772898108,2889.8801946867497,0
553,53493.4860118665,21.874746390152698,5030.82879986161,0
554,58205.679995007806,56.8378381496295,10035.603020993001,0
555,47439.9407557212,22.3484194725752,7896.356942317059,1
556,47586.2277136184,42.2750075273216,3343.05627581805,0
557,26100.8512624539,62.319164680317,960.1372513581019,0
558,45326.403672806904,59.362512473482596,5142.11083711624,0
559,24391.7562346905,47.0350984968245,2198.1448889683497,0
560,53741.37101927769,49.7294325656258,6513.1501245071495,0
561,40053.7222670391,27.9384801317938,44.5272460985999,0
562,53033.864130265996,38.457559687551104,10427.4705030759,0
563,25176.502012182,53.543408808764106,3064.7184877162895,0
564,31210.8470173553,54.1049066702835,3853.08804154651,0
565,23532.276302576098,59.6337369862013,1077.8404003017,0
566,63776.770785916604,43.8106586406939,6697.971583270711,0
567,52278.76500459389,45.928971621673604,4269.13603478981,0
568,56015.8132156357,32.5093102375977,2275.76342522213,0
569,56110.9399353154,62.8294148314744,9351.00613114576,0
570,57856.8082349375,33.6821509548463,8824.16474742706,1
571,30187.0918646455,28.155084246303897,4462.82325767409,1
572,30786.8719263934,47.068105542101,3563.31978870471,0
573,22279.2997653596,58.907327611930704,3141.3385363147,0
574,42476.2655328959,46.43822313146671,8334.18200780114,0
575,58147.7998569608,34.058644853998,3951.18974682111,0
576,36266.2118673325,55.542362715583295,3206.9276653834304,0
577,39045.4971627332,27.4332205634564,1165.49215757251,0
578,64467.803684528895,63.4005892067216,521.5757013705901,0
579,36594.8066744022,60.9125613430515,3492.3340219336305,0
580,58797.762861940995,53.403433673549394,8892.963302602671,0
581,66653.2709309831,19.8870530799031,5180.71186017515,0
582,48271.4983797632,21.6623410205357,6077.680286835239,1
583,30991.4319240488,34.0100260181352,4589.26726538164,1
584,45446.5183359571,19.304691826459,8474.98246363903,1
585,37142.738890834196,50.3030429887585,161.237551122297,0
586,58320.80889260401,20.2576053403318,10033.491680429,1
587,24825.540678575602,54.8174662012607,3650.19635167761,0
588,20511.4294355735,27.1962682502344,931.790074364881,0
589,48326.3208926655,35.6521986378357,7168.70700152735,0
590,55441.35879492389,48.058599114418,10768.747838508101,0
591,60496.907918714,33.945671624504,1115.1545869179301,0
592,25296.1542271078,44.3560899454169,1320.46244258164,0
593,50414.3203189597,56.1940032062121,2468.17199888535,0
594,67984.0403771959,27.465280933305603,1642.96947053086,0
595,50382.399773225196,57.0969364880584,9183.84229457753,0
596,49413.2985407487,18.6478525786661,2554.0443515729003,0
597,61464.8206438869,36.4082663068548,5099.08745959981,0
598,53784.0495747514,24.3935543466359,2761.8513804366603,0
599,35993.2879265398,41.875001901295,901.9277106596429,0
600,63402.004684321604,47.2234288896434,7530.76763344307,0
601,40484.9713249132,39.281433168798706,1093.67920279022,0
602,26168.0122744292,41.9411697583273,3040.9813501286403,0
603,60044.2815152928,61.3126543858089,6823.434442500439,0
604,23984.5509454608,51.1412676903419,4622.27519842492,0
605,40359.7011859529,32.2450079689734,1783.69732612708,0
606,33583.8910820894,62.130755460355395,1251.8673663810198,0
607,68038.7920164503,62.9481293545105,10108.7958488382,0
608,45652.0592723973,53.674341003410504,5408.21212921339,0
609,34399.2097815499,31.7648890004493,6019.83442285853,1
610,57628.438917454296,23.986563928891,5021.63968348642,0
611,24294.6768924594,22.2630956131034,4360.05300945404,1
612,52218.882511369906,37.5427567730658,9792.09153131215,0
613,50061.7677392438,55.3610418764874,6145.131816878149,0
614,49352.274222765096,57.5421556280926,3362.77448557159,0
615,21087.3555438593,49.31063445238401,3353.6935708995097,0
616,23812.252683565,42.765559321735104,2716.6558194475,0
617,49395.1664934866,41.0849091280252,5927.57467616725,0
618,33338.9439899474,46.59851354220879,2929.85142379499,0
619,29668.320720084,38.6837404002436,2042.43646281071,0
620,45936.5972015075,41.994010291062295,8525.231909003141,0
621,55948.0677172542,40.3030153843574,8569.220572619399,0
622,53239.5007135347,63.5151151381433,4606.156805288821,0
623,43694.0344446339,49.5150355361402,5049.635508890789,0
624,24078.0724957585,38.491628350224296,3276.13994797231,0
625,50258.5530211218,22.5428407723084,1086.2461646268598,0
626,41816.6568316519,48.9172136238776,4534.57597308744,0
627,36892.7162187174,54.44842475513,6463.64775060681,0
628,23886.5676149726,34.4429727895185,4440.41961655389,1
629,48757.7650509775,23.076034987811,1833.5810508113398,0
630,34601.6826620325,33.8505223579705,2430.10161848915,0
631,52986.00454581901,50.4237628807314,4928.60703383372,0
632,50740.9510249272,21.721358859445896,784.5773121318381,0
633,53096.9913979061,36.350075381808,2663.05260942853,0
634,38500.000645872205,53.9306910806336,7571.68231798672,0
635,41004.2623570189,55.8490920122713,1016.1410075047,0
636,63585.364590399004,49.3399269720539,1594.9726819505,0
637,31823.6810551025,30.9835570501164,2290.43034182208,0
638,26242.6336226054,32.5968318535015,1801.2281947163299,0
639,63531.2459943816,19.329107891302602,6917.50843520967,0
640,64751.1465405114,53.63820349238811,2289.85125057492,0
641,31091.276304796298,50.8955430407077,4071.08303444266,0
642,66871.2673638947,62.6893636430614,3614.26818549068,0
643,25098.6528280191,51.647062854841394,2611.8480917835,0
644,33720.5892242491,47.2466262932867,1365.95220859435,0
645,28182.5232948177,25.529610356316,2285.95653758834,0
646,27334.5697135665,42.6711944923736,2963.7944322157,0
647,68694.8431818746,23.0814173929393,12731.894637403,1
648,46195.621665101506,26.6271984525956,2888.6337275749297,0
649,34488.2098538801,27.131530206184802,2156.314406342,0
650,57827.6631003246,23.9729682495818,10816.7590093935,1
651,20346.4690526016,35.7160736531951,656.03318788707,0
652,60480.9757950716,53.4286878337152,3216.0945411833695,0
653,51915.6797835603,44.1091034938581,2282.9110216495396,0
654,54625.506983138606,31.696455666329697,8619.74517744195,1
655,48305.4270897992,55.2125356951728,4833.47746990896,0
656,28577.964513097002,21.420160175766803,1639.22563884266,0
657,53400.8270059712,58.0816884133965,10418.192976328299,0
658,43414.4878922962,44.453362821601296,7170.946724121321,0
659,47526.234125252806,57.21959191840139,8957.33054393952,0
660,46082.072162535,55.158467172645,2921.2353791526803,0
661,32195.5925249495,62.2016585152596,4980.01358501464,0
662,49067.0912945643,60.544598072301596,7258.968491635759,0
663,21293.4771250002,42.404940330889104,1368.6919222573401,0
664,52100.91738728809,23.181443628389395,4767.2771918935405,0
665,48334.3877759762,53.367754463106394,2234.44313665993,0
666,58507.623551413395,48.977448035497204,694.1351678029421,0
667,27521.040341816803,35.0865972880274,2699.85134586163,0
668,63914.2253715545,26.3497418938205,139.31457194860002,0
669,28598.8326463848,52.5336985392496,524.201092096584,0
670,23298.466745764,48.6514598648064,1741.1839190889002,0
671,35697.5541380234,51.388218862470204,2907.95827229594,0
672,40376.1635813862,38.92128903651611,3901.93798361853,0
673,56534.966842737005,27.8079414837994,2161.08375159161,0
674,36088.938608299904,41.7177590057254,6222.41527252187,0
675,34158.6339683272,29.421142429579,2911.40806707675,0
676,29732.057619839903,38.8767124265432,3485.01802587388,0
677,41736.20153917,34.5964918844402,7602.61305507845,1
678,42236.4560933784,24.686733096838,4749.06867530672,0
679,28796.850836370097,44.6286484147422,706.2289942236,0
680,55097.38848079,33.929424236528604,9342.47942698609,1
681,40916.564145591095,48.3197407145053,5219.80402778761,0
682,20908.335100393702,28.818521979264897,3133.6244473393394,1
683,57999.772385228396,62.770110633689896,859.589294215437,0
684,57746.5815865435,63.6253054803237,727.194664952067,0
685,55116.234514862306,41.4688852438703,10284.606786439499,0
686,57765.521160326905,43.88730905111879,5445.22266010925,0
687,45200.992799364,43.905429022852296,7335.96256840597,0
688,42435.1894925348,51.4895268101245,2766.28091438528,0
689,46365.573517978206,41.8526130542159,5443.27630749977,0
690,57187.7008932643,59.4719182071276,9390.67226092499,0
691,66539.9275999516,57.705559293273794,12129.0822259617,0
692,25244.726699311297,53.37901060422879,1278.99950423557,0
693,54780.345612671204,61.388971141073895,8134.220407851591,0
694,59253.1214631163,36.9204115439206,7327.28357684415,0
695,48540.3415444307,21.2391576226801,1012.9349929059199,0
696,30415.105079300698,22.983635846059798,4362.0831523754205,1
697,48768.6992436647,25.925025629345303,500.59910564675596,0
698,52299.2180823348,18.3097456344403,7880.68580712225,1
699,42242.489119526,34.2207668605261,2070.3793805860896,0
700,28218.9652719535,42.624393875245,1305.08243308288,0
701,40208.1318595447,61.3719132794067,459.034688796151,0
702,61419.6728379466,30.651823387481297,9921.672387157041,1
703,51282.5052416883,26.5513867693953,8445.38534278682,1
704,36017.9027472623,43.5236232024617,1526.3924759160502,0
705,57575.0097911805,33.8001351165585,9857.229949587008,1
706,53330.767136067196,42.3772462992929,2343.49755586202,0
707,39834.519841242596,63.312275260221206,699.9557764042171,0
708,62469.428374897696,24.264855359215304,7286.550390859979,0
709,40334.6167341806,45.886541584041005,6808.86995498301,0
710,47542.8027031012,40.873337548226104,9448.20972109913,0
711,55883.622861001604,27.3703380203806,974.563067419013,0
712,29163.015882950298,43.956171318423,1469.12970417187,0
713,47786.141063552306,29.7081892956048,7181.4785525792595,1
714,29736.3105043769,35.2983984411694,657.0484089194509,0
715,50831.427534576505,24.3516025198624,9572.58688405588,1
716,62030.0459954888,46.5357845406979,7572.567589234591,0
717,54049.0127447993,54.6203531795181,4569.64791088147,0
718,34336.0175890848,35.8306517112069,3441.64452422469,0
719,31895.7153055817,48.185907284729204,3423.34617207901,0
720,51894.5400998928,59.003768304828604,6579.534006664229,0
721,37616.7108584195,53.4446602477692,5732.2401076494,0
722,22076.948003377798,56.9954393552616,3948.14334405049,0
723,56252.953705843494,57.278290571644895,7327.070282101679,0
724,26316.758494358503,37.217654004692996,923.028441324114,0
725,23120.8796077408,40.296722322236704,1417.8465220016599,0
726,39033.032713923596,59.6770221912302,5757.89047926275,0
727,32420.818151440497,32.3617921588011,1494.21297427116,0
728,68827.24432973191,25.302530789282198,1049.1754772678098,0
729,58092.2048934735,41.8136523533612,5277.740419709729,0
730,43538.856115192204,46.3294121143408,8523.90111590581,0
731,64040.484179277,59.1448074136861,5408.72776719187,0
732,34395.2292157337,25.5482243257575,2089.73250000687,0
733,57405.5149266496,45.6444349931553,6914.75153975136,0
734,22581.133972853397,40.5488618090749,34.2851058172658,0
735,27952.945982106,42.0974981090985,3965.25197444964,0
736,54022.9128370993,26.561012302525302,10641.4514434212,1
737,63546.1647575721,44.41273214202371,6170.23911645177,0
738,60713.4303008206,56.0316035267897,396.233677598603,0
739,44519.32947151361,32.3916598488577,1446.46810321108,0
740,40997.798989992596,55.5812039119191,7908.3318430222,0
741,63661.383329890705,25.5955243813805,6095.308748994189,0
742,34429.1467382573,39.7149895974435,2240.2774038697,0
743,29181.8614280783,48.2406478086486,2529.6129690448497,0
744,52510.4382354766,40.2791402386501,1858.30823957284,0
745,37536.3472430035,25.856677569914602,2634.3585848472,0
746,35683.7449525483,44.4978791652247,4337.82555851561,0
747,45622.2907104529,41.6325453221798,528.181250121176,0
748,67385.40317630401,29.0336793586612,6747.232379118979,0
749,69411.7925292812,47.0737268491648,12176.782438093798,0
750,48322.5140650757,29.2626339835115,7732.69639567081,1
751,40836.588810197994,22.168262908235196,6994.48780081424,1
752,38035.9513266012,60.6552104717121,4298.705027677411,0
753,42696.9713694416,44.5296706766821,222.19643863902402,0
754,24181.69478653,22.300125380978,1529.0188684850198,0
755,33194.4026448764,51.1797121162526,6615.38785751688,0
756,32541.461526416202,34.405086162034394,780.832856751006,0
757,38381.4130607061,54.0833714376204,322.724155555729,0
758,25921.9125309028,58.4260793160647,5104.74678854711,0
759,58810.97172852611,22.1093805856071,9099.72433792209,1
760,63025.7440777496,56.5669315373525,2956.97774567302,0
761,29954.0045135655,61.836844710167505,5774.07427035938,0
762,40641.523017547996,37.664198640268296,5042.326368067929,0
763,43940.91070164,38.3059819466434,2855.3791874510603,0
764,65166.97287326679,25.656281858217,8859.08746877633,1
765,58820.3820562921,30.752315645571798,530.657824121697,0
766,50719.7630754672,43.20724464952949,4770.937668011939,0
767,46766.595919616506,47.7751709497534,2383.40775653766,0
768,67520.759596955,45.4156241421588,13041.7794518553,0
769,28386.2535539083,31.125332410913,1718.9437817568698,0
770,68276.0307611898,34.5148812653497,4842.077960288339,0
771,30731.7262794822,40.388842944987104,1129.5624120295,0
772,30012.251092121,54.940118664875605,3972.1514052114294,0
773,38075.3187742084,53.1073599536903,6928.943621162839,0
774,55932.3965734802,44.3926223418675,4876.366908841,0
775,27966.2444535643,53.700273237656795,4445.20317812007,0
776,53825.5367358215,49.7139043789357,5272.80479170349,0
777,65451.496518217005,60.27638934040439,8129.0489314653405,0
778,39473.995862063,42.3012538384646,6034.153227563571,0
779,42344.8087112047,47.4181083911099,6800.2468059227795,0
780,36112.8744133748,60.5793527024798,3737.2121871986296,0
781,32720.504798926402,33.804503521882,4367.26495019919,1
782,27973.826560191803,49.674219635780894,403.40213537013295,0
783,21306.0331228189,35.0941635370255,3791.02352838761,0
784,36029.301576782,52.640624420251704,2928.1004386496197,0
785,48457.963548135,22.344923628028496,8108.172683405841,1
786,46038.510655052996,39.0386727838777,6868.98780501089,0
787,34247.1590195782,34.7009895360097,6458.7905851387795,1
788,64247.6149997674,31.6031620721333,4513.20369417302,0
789,62109.7670914605,41.2409060192294,2816.4301578897102,0
790,21481.8037860096,19.9594523082487,1137.65789054619,0
791,20762.4744670466,25.3291227403097,2385.2248369160297,0
792,33756.5272278152,40.5675955507904,1169.8359246657699,0
793,54325.80727385361,29.636369307525502,6978.52505744359,1
794,33197.807804681404,59.486848228611095,3993.1468660048604,0
795,56846.4742321521,30.280927554238602,5268.22747487761,0
796,26542.9310896434,45.829426520969704,4233.08958563064,0
797,53200.5481468514,59.6917192977853,3090.47311929628,0
798,38073.4068970196,32.2145080873743,2284.00567663756,0
799,43937.219043728,56.4096822156571,3213.5419628300897,0
800,49284.819413442194,51.9397291215137,493.589997017378,0
801,22869.3234547973,25.9064452042803,527.551568398424,0
802,60113.3425417356,40.774305584374794,8253.38456880542,0
803,23613.255685195298,32.4735058033839,2469.23458468339,0
804,68755.0944206305,53.2281321543269,10990.5337530187,0
805,26449.3282930925,46.479153247084504,2952.12315164984,0
806,42855.4161149077,47.1273699835874,4923.81484576435,0
807,25686.778936069502,35.8507148684002,3728.39703071966,0
808,67125.64924266191,36.0585051872768,7482.06736878698,0
809,27427.7894455008,59.70451917639,719.946664588216,0
810,37145.5730567686,53.19827894447371,1510.73550672394,0
811,41702.600771095604,41.9440537178889,6105.7279291327,0
812,20710.7759593055,49.5572698125616,3960.71087317317,0
813,39124.164362438,44.557108595036,401.32673340017,0
814,32834.6467390656,60.5802186657675,4184.57820320039,0
815,26267.2214000486,58.79376695957029,1136.11727060881,0
816,41254.2281951755,28.948204752989103,6993.0494414817795,1
817,38268.6966028996,30.676849837880603,2522.05718465992,0
818,37087.268759496495,57.5763008045033,6391.153194203221,0
819,38458.1330395304,55.8568540653214,3644.30607009879,0
820,40185.7756706886,31.000768078491102,1002.3405737625301,0
821,65481.9455510005,45.038576235994704,10614.2484928222,0
822,57426.680477801696,20.118845096323604,2461.97440578532,0
823,47903.31424912441,46.16901477286589,4283.2269736806,0
824,34222.1877467819,52.246678448747794,3582.1513639634495,0
825,28481.265604496002,47.4213283620775,5302.17994342883,0
826,43069.6521466598,41.2400346901268,4091.56129167425,0
827,33093.9618567936,33.403173910453894,3852.9924436463502,0
828,61363.856056705095,62.136373864952496,9636.80473053473,0
829,68100.73561966419,47.7529402710497,8124.598979910799,0
830,50551.4803389087,56.7655671010725,5262.6160879974705,0
831,54421.054006088496,22.9615335506387,6229.8360190473595,0
832,32152.4597401731,57.48695513280111,3550.58488878171,0
833,40230.9757121839,58.7940956773236,745.19474910364,0
834,53483.3740023896,29.1899978881702,1459.66859888829,0
835,65137.937762774505,42.1331095667556,10352.181768904,0
836,29496.5941272676,54.66582085750999,2216.9753341908604,0
837,45181.9337136112,48.09680230356749,2243.15399221322,0
838,24994.7781953961,34.7233597366139,51.640260239487,0
839,54820.9740128368,20.560396471526502,10070.9490549973,1
840,62955.6082934141,29.5495097753592,207.543817763712,0
841,52956.246077083095,25.1471019247547,959.097214811603,0
842,40366.2032377906,32.072008041665,7410.792024329541,1
843,60005.0101336092,40.1948889852501,10677.6680182666,0
844,37598.3850844204,54.663929305970704,3641.8084108437,0
845,61323.000902775704,60.1660164748318,8699.94668231535,0
846,21243.9323007129,57.868060216307605,3438.97927728268,0
847,62111.4344149828,25.976458594203,499.208578202042,0
848,56524.878814816504,54.91097151488071,5296.94027257637,0
849,51718.13696390019,34.3504997366108,1036.6168035984401,0
850,43205.6317501701,23.125877250917302,4835.27465661614,0
851,26934.197444934398,35.979010198731,4113.299166910279,0
852,68966.82256367059,54.3924881364219,6690.63533769203,0
853,31527.3472038098,59.0226465594023,2062.7191576926803,0
854,46839.061093050994,28.733358708676,1498.20031600578,0
855,32151.296855881803,42.9149115667678,4601.94008647427,0
856,40831.801916938304,47.149545804597395,6429.59368808933,0
857,30868.8048203476,58.1365677523427,4618.39218432669,0
858,62988.8264276087,32.4746129391715,6924.90156914655,0
859,65496.7674799263,61.9599347501062,11805.55576878,0
860,63032.6262721792,24.7884375578724,390.33586086627196,0
861,27287.0745440014,18.695798727683698,4509.88142162832,1
862,44299.3717431091,24.3714581453241,5154.909842680399,0
863,44091.3492278196,30.485230318270602,1664.10492654064,0
864,26617.0303151011,28.616509240120603,2727.24168062816,0
865,21856.2335288152,47.7227678541094,1500.6537452812197,0
866,28072.604355402298,54.142548226751394,1.37762959325451,0
867,35950.4884504713,35.4718469656073,2664.92567484772,0
868,28982.1123634465,35.2682511825114,1440.49916760651,0
869,51790.726445615306,41.1508777858689,1281.0357291798,0
870,65000.8196174167,21.699699527584,1114.91482428033,0
871,29761.046012863502,21.8542913463898,3748.25812413245,1
872,23081.4507394098,53.8968184147961,257.661201491859,0
873,60016.7409912683,22.7386025083251,1522.64676811391,0
874,54619.1553631797,53.5978628238663,901.277776817105,0
875,66274.2081028409,36.3746234392747,10257.918392293499,0
876,49380.658629816,45.471049905289,5425.280945064939,0
877,46283.0674648285,48.2885851110332,2166.1230995161,0
878,25554.698524065298,42.7969214715995,4229.914353055779,0
879,36680.1819228567,22.146262606140198,4849.33378471958,1
880,30383.6763300933,46.8319495972246,2153.60772508337,0
881,67730.44369649139,26.3031469769776,8881.58363601412,1
882,36446.7241382226,40.6168506052345,2927.67544441237,0
883,33648.7389914691,60.970944559201605,1498.1612553260998,0
884,53852.799539454296,42.782855549827204,2089.9094635253896,0
885,61298.218665178894,48.285030242521294,9399.50460218589,0
886,69465.7469564117,20.5852316911332,7983.705373244459,0
887,39102.041714359104,29.3008653833531,4200.697505155999,0
888,29366.582334041603,22.484048533253397,4049.2538652253706,1
889,67949.73806710911,34.4796788198873,1790.3486165291397,0
890,29468.859178014103,22.7896366892383,3703.95304740702,1
891,56839.40189657731,36.5523909307085,9004.80171434867,0
892,38277.9368711635,44.9091980499215,7405.8032096322595,0
893,49664.270719513304,39.944160686340204,5571.456364476229,0
894,49972.0108276233,32.3969839904457,763.9541158786079,0
895,27356.800953857597,63.487873623613304,2983.58332216516,0
896,36840.603656601204,36.6745834872127,6557.94033087167,0
897,51438.814068678796,46.01234315987679,6898.78371916522,0
898,40614.7220451385,20.9326715869829,2649.69535606017,0
899,56738.63732256,63.3739421730861,3210.80704797276,0
900,68004.6862154268,41.5310972742736,2698.04778142586,0
901,44458.6372864433,52.08290527062489,1456.23494449525,0
902,66801.197505556,19.1351382303983,288.64676925315604,0
903,48991.85367859901,18.621307099238,7453.26426764463,1
904,69430.936621502,58.9409142830409,2648.22045208716,0
905,27989.111100323502,27.8009201702662,1770.81827895977,0
906,67675.80477055161,37.7403956875205,4396.0768773955,0
907,47985.7224668376,33.5597739792429,8801.61012677399,1
908,43388.209473341696,35.7043567909859,7007.1542526718,0
909,63182.45566682889,25.5863821250387,3493.22456741209,0
910,20568.891305010802,25.853856789879497,2257.0647822256196,0
911,25833.7172260508,19.2075996422209,3716.2546852118,1
912,23087.3014009558,37.6196372602135,423.418399504824,0
913,36124.717833008595,25.0547269559465,6485.05748033896,1
914,57330.619408749,44.445651299320204,1058.0392021630498,0
915,47240.2531234547,55.0097213611007,4286.345614412679,0
916,55730.6292280555,55.1564379627816,9286.357544938199,0
917,61660.401318222306,48.898758229799604,1684.52656398846,0
918,49746.8874370679,29.36146192858,7354.129522959979,1
919,23973.6875914969,55.2882977472618,95.46072237503591,0
920,28085.479598957998,45.0321259801276,4431.280471397489,0
921,33585.4747379199,60.3773854388855,3933.88301194765,0
922,44179.3851018883,51.3064918876626,5888.3757812673,0
923,56025.419726502194,29.3964444613084,4341.62669876515,0
924,49369.7041459382,51.373417267110206,109.379622752269,0
925,26889.3647403456,62.6251084581017,675.712031078049,0
926,30873.217636253703,38.952739545609795,4076.8767501185,0
927,30608.943237457403,46.47670398280021,2632.5518109756,0
928,54878.0896514654,42.88355929171671,1504.4734617798401,0
929,32423.8068470731,63.189986590296,2961.95236821591,0
930,46608.3690221421,20.4049915121868,1521.8684050770999,0
931,65689.1897018068,28.1087074321695,255.07265595806598,0
932,49054.86027011651,54.0686636208557,1102.24036140034,0
933,20310.5775569566,54.2647477448918,1279.11309760756,0
934,66423.3993319795,18.874357114546,1066.21460111103,0
935,45783.15475257111,63.885043743066504,7492.90982010653,0
936,62887.762666214294,42.8418413973413,6849.48422314614,0
937,51088.2107820362,52.0858715916984,9097.112036065171,0
938,66217.9448455572,19.0816236077808,745.076094530662,0
939,62799.7506107204,35.3614920396358,6752.58607130953,0
940,45789.4875248894,36.298051288351395,4545.15745895782,0
941,59727.4059941992,50.24148795474321,5203.32518145625,0
942,35513.5895474814,60.807017668150394,6983.36074103902,0
943,29178.977587726,63.930734686087796,1664.3860619101802,0
944,67501.69224571441,49.6374590154737,7589.759990371129,0
945,66255.02952840179,28.9600249473006,7475.21228234162,0
946,63558.8640859351,36.3568546553142,9282.92773534658,0
947,63441.7123557068,18.6712893769145,3119.4126781587297,0
948,64983.154244255304,27.291971609462102,9109.774341958058,1
949,56946.64593786,55.4090137514286,11175.8410699241,0
950,52349.8724610545,35.5224991776049,5181.84850071794,0
951,31473.458784166698,27.993409112561498,797.34597206237,0
952,59267.339196521796,34.9126990740187,5085.311918671479,0
953,66809.1732473113,31.054548121523105,1316.1871277160499,0
954,48083.311545196906,39.1573059842922,9193.09526352272,0
955,20629.3472950347,28.3068615505472,3310.41011772524,1
956,25363.331059925298,31.390791157260498,3946.0014470861206,1
957,28873.674168717098,62.3285863017663,2224.46976521287,0
958,41430.8552560396,33.6895613595843,5719.2781159757205,1
959,53612.1312342584,23.282966454979,5976.89656826076,0
960,51555.7402558625,57.2635917728767,9217.6886691734,0
961,46564.3788967282,50.6512996880338,599.8303239514551,0
962,61200.4274781793,19.2277783197351,406.85186115617205,0
963,29307.3207652196,61.1649569645524,481.84269711988503,0
964,67687.1830760501,20.8043047981337,10506.3280331645,1
965,52565.065741073304,55.69652934977779,372.974253343653,0
966,52920.148014091,20.9909665295854,9521.769942117131,1
967,34981.3678348437,23.4877088945359,5502.73603087282,1
968,65210.83709551019,27.5284397248179,12607.951664106298,1
969,60016.07961254191,54.3172402922064,2857.0074135476398,0
970,23066.964680328998,33.0913530015387,1933.35356770978,0
971,52603.878644295,43.8954665251076,2043.08955289918,0
972,20111.3632577471,53.495394564233706,1745.3719220870998,0
973,32759.7002778202,43.8804593579844,5211.32562979067,0
974,30578.020161483397,55.3661617422476,3010.3502403137395,0
975,21211.5893885493,32.6511982483789,931.781052200198,0
976,53746.326575055704,29.350288588088002,9534.660206225592,1
977,45214.109220542,18.2999803973362,1779.72773531897,0
978,58465.0496998802,20.1268885387108,11417.0600895208,1
979,54422.9734851979,58.5713950437494,444.613776925989,0
980,62842.0643904246,62.19707881892101,107.597231536379,0
981,53005.13229332861,45.6872204705141,2539.33674893338,0
982,40749.028178397595,26.854012909811,6207.18616502598,1
983,49804.4108320028,20.039864229969698,7235.19471689825,1
984,37277.2461199202,26.6331468173303,6289.25607587104,1
985,46883.2065397874,30.3998898901045,6342.56790924236,1
986,31763.3691988885,35.602517284918605,3489.40412162135,0
987,61013.1815820932,24.707618969492604,1791.54296221375,0
988,41285.358897876,22.9110705880448,532.100255807783,0
989,39133.891863748395,21.603231470100603,433.458417926463,0
990,62171.8025580049,24.2437830967829,1035.46249645863,0
991,53638.6459530331,44.0273743555881,109.478853603893,0
992,49264.584893826395,58.1195471086539,3051.57426672854,0
993,63114.49698871,48.3510828255676,11890.7571906353,0
994,58165.506219957,45.7291535651311,4155.72376708707,0
995,43029.8032634892,27.2101574214175,6894.16538143413,1
996,21593.6226584017,51.548922783695204,458.093724368234,0
997,49104.7682403587,35.538517334964105,9452.2179473418,0
998,65776.2324134819,39.7981913359836,2805.8637447174797,0
999,36192.1494523995,21.402402616106,7236.173930254241,1
1000,62165.8611856401,19.6025430983864,4739.94895405831,0
1001,50793.355719652005,41.6018864475191,421.640379591623,0
1002,62422.2037894651,32.1452214065939,2841.63342276648,0
1003,63166.994955390706,56.5100399320945,4058.78953380435,0
1004,23717.567853163902,49.325769520830406,1530.09024242426,0
1005,66797.6646730676,21.3804285540245,11921.199536959099,1
1006,30272.203618660602,19.1324464869685,1440.07254888392,0
1007,55741.1956880242,52.6268528900109,3181.78051934063,0
1008,30742.5797148608,26.449336839839802,5685.65364147975,1
1009,20491.564325057,35.134836907498496,1579.1682486472598,0
1010,35620.4186263494,40.8246740507893,3611.29590336632,0
1011,50206.133716274104,33.0311115211807,5826.46289826698,0
1012,67935.45387219639,60.9422627035528,8267.32605257876,0
1013,59223.3966034837,22.939635145478,3901.40208532883,0
1014,32657.2686829604,32.812187960837,1796.27050255779,0
1015,55931.6545771435,23.4413330657408,4053.51993761002,0
1016,23694.7788670659,22.8642844832502,764.297190003271,0
1017,44324.286368209905,23.1808664123528,2672.69202602406,0
1018,34735.4917484336,62.3589558079839,1402.21785398327,0
1019,67064.3447362818,22.583609924186,1091.6248164287802,0
1020,42761.492675636,45.0493739051744,610.65784710333,0
1021,49517.7223277278,31.549317500088396,7337.95043106519,1
1022,54372.1826560795,29.9771178071387,839.1250811884869,0
1023,29941.9683683664,48.3584494683892,3170.0456536486895,0
1024,68414.1207765788,51.046781289391205,6154.052456547579,0
1025,23891.244565602403,51.029204678721705,3475.9054232585304,0
1026,47187.571546528496,24.2270476552658,7933.4694490862,1
1027,39819.920940790296,63.384797013364704,3577.44768965771,0
1028,50632.2792428546,53.6232994752936,1262.35606612176,0
1029,39970.2112469822,40.368115155026295,7867.616835630941,0
1030,55176.139604300304,49.455910102464294,7822.936090935409,0
1031,50533.571948763,56.6310642831959,117.712586947864,0
1032,52983.874459750994,42.5880697602406,5567.941087462329,0
1033,31187.6699258573,30.999616120476304,593.1247798263599,0
1034,34909.9822272547,25.568741328083,2852.37179495901,0
1035,53810.847660060994,51.4329729834571,9154.47701536417,0
1036,55478.9673699997,53.7629200383089,6227.54177432686,0
1037,60394.094865769104,57.6864224728197,8293.576747493142,0
1038,36845.7386782393,51.9394795414992,1790.01356619936,0
1039,60264.9406460114,54.7213634261861,2241.3881435993103,0
1040,52981.508597731605,18.306216438300897,3759.93723425993,0
1041,50222.7624226362,21.4227129220963,8734.74061739229,1
1042,59256.55595958231,38.5789446192794,9812.97871741119,0
1043,43203.414224553904,40.901724176947,7730.72757527023,0
1044,46288.7564138509,23.5900381784886,6053.79158149127,1
1045,58176.154927350595,52.17576008895411,9852.1411102884,0
1046,25631.4347311854,47.6355769587681,4778.700542847971,0
1047,58977.9976452701,30.330982693470997,9442.011609849642,1
1048,25048.015993088502,54.6567751751281,2341.36785790557,0
1049,33436.4890051074,34.669146894011604,5473.98555060076,1
1050,23787.3670458794,36.3117125998251,3041.5529081567797,0
1051,69456.5677712671,48.05355677986521,13190.3658861707,0
1052,65447.6116108708,39.6313519426621,3269.5343268133897,0
1053,68743.3531787246,56.385251584928504,2290.20428885451,0
1054,36052.5775980204,49.499960873275995,2830.17986246731,0
1055,24820.7924701273,38.24401685083279,51.949242778070094,0
1056,26046.384165529198,54.625463577453004,4669.45735259152,0
1057,60850.8024411276,59.9902563230135,7206.852592751371,0
1058,69929.01099612941,51.394448445178604,12427.8357034718,0
1059,53298.496145289406,56.909707329701604,2106.7097906176396,0
1060,48818.3823227882,49.296121936291506,2312.4217766474,0
1061,38042.0841556042,32.8389940196648,3495.85630614459,0
1062,42119.8227140121,60.064201827161,1930.56653214215,0
1063,62247.87973798809,39.2296556243673,1870.71508930953,0
1064,62252.088163513705,28.2461758642457,1699.6809718387399,0
1065,36973.0856898241,38.2803032551892,4144.44814361402,0
1066,54217.2367847525,26.629377369768896,8836.775689365999,1
1067,44218.7663214281,58.579258533194704,1693.92017886189,0
1068,33274.0502711385,23.953435258474197,2244.8831092985997,0
1069,54656.5490355715,18.393829551525396,9911.134962918291,1
1070,67593.5170776211,25.405445643235,9864.07802710305,1
1071,39472.7072492242,42.608860772568704,596.481179541814,0
1072,30572.446859441698,48.6518424763344,1847.09424972443,0
1073,50447.699630167306,58.0985400285572,2443.76891476886,0
1074,49198.6526572146,49.19242269871761,483.62016772088504,0
1075,53768.2282086462,25.3775038844906,3696.95324417008,0
1076,52809.546287171506,61.0133191822097,6276.830736703339,0
1077,38011.7266485468,19.0578916789964,4625.19337762744,1
1078,58910.2917746641,31.013961953576697,3671.9230944370597,0
1079,57914.7310741246,50.611599714960896,6715.85790769023,0
1080,39494.766916614,28.5471422006376,3544.1560393991604,0
1081,45918.875250499696,38.6421196153387,1910.32953084278,0
1082,55649.05588282269,19.6645014896058,7660.34617051509,1
1083,27136.6288000718,18.8336203182116,2253.19025276782,0
1084,62724.6361155994,39.8353766053915,9255.13775534296,0
1085,32921.8485788442,43.7330526653677,2553.21277794851,0
1086,28482.6495498419,19.7837881306186,329.450042227758,0
1087,44170.221737586,24.4703706367873,2168.75173497275,0
1088,60664.3716036342,22.364457368850697,5873.410979425699,0
1089,64501.93042866889,33.357946901582196,12147.3142194935,1
1090,28237.5173922628,50.015552088152596,2728.1899444629503,0
1091,67420.59544660151,21.1852940614335,3668.9947836488,0
1092,55642.9933919571,38.9109068377875,2841.69798234271,0
1093,56086.0580927692,34.5792021681555,3990.8507597519397,0
1094,57676.739180460594,20.6656169872731,10504.6681673838,1
1095,62535.6328487396,39.1940755369142,9490.26419041115,0
1096,60686.7685727775,48.3993084896356,10614.130949683,0
1097,25032.300937455097,46.3105889745057,680.9047821836081,0
1098,22228.3452912234,33.359457094688004,2187.21333714559,0
1099,41435.1537520997,34.9257164876908,3702.1714277833794,0
1100,43955.4094034247,51.5582860666327,7833.47776141374,0
1101,60063.693094998605,59.1146443360485,6766.29418079942,0
1102,34635.7447491027,18.9473467003554,4859.2352866332,1
1103,63944.3237264641,32.5243454012088,12213.949339898401,1
1104,35403.427334968,34.645415822044,2929.3597040424297,0
1105,53654.079365078396,44.137234212830705,6587.77555584342,0
1106,23508.2307294942,52.6403490179218,4622.84106541178,0
1107,61869.46603003889,36.2273041848093,1040.4936732261099,0
1108,20674.897083081298,23.9998828670941,299.825137750899,0
1109,22127.9241074808,61.188782650511705,1777.82855129135,0
1110,27408.729614689903,37.691731847357,2591.02894660536,0
1111,60720.7960961387,38.82036029454321,3278.1797272838203,0
1112,34760.0193158723,34.260301864240304,28.8825344418559,0
1113,23057.3639203794,46.9718112898991,2487.16518212314,0
1114,42380.995063576804,35.716812186408795,6832.6848165415895,0
1115,37887.5493933447,24.4157260977663,5061.77783089573,1
1116,39988.740736153,54.2687055743299,357.088124203472,0
1117,25026.505643036202,62.906922337133395,3845.74184934565,0
1118,43588.0814259872,40.495646783150704,6453.05797893021,0
1119,20897.4266937003,28.0293198991567,2940.4239697461103,1
1120,24904.6246684156,53.31978979613629,3376.90746524937,0
1121,66068.6350357719,35.918783873319605,5626.86933989185,0
1122,36126.231092493996,40.7079118597321,3805.8027214255,0
1123,23626.726788934302,34.2933534532785,2173.7676901031896,0
1124,30200.243256986098,62.7825701418333,4871.67757618979,0
1125,65569.7852419689,62.232158921659,12494.2672598523,0
1126,20617.261009756498,46.5175069789402,2224.06813417899,0
1127,25817.4546225928,21.6304703606293,3682.8619314122707,1
1128,21448.8279935904,31.7951883119531,1989.18297633362,0
1129,69370.17763732,52.3746292958967,4605.91877302795,0
1130,34145.7995516248,31.4007989270613,4074.9525911100395,0
1131,52651.256863027804,57.3202461791225,6529.019522377729,0
1132,40069.3383812904,43.313461889512794,3646.05161791101,0
1133,39246.544886846095,48.322055608499795,919.1146400240359,0
1134,56233.7895436212,57.991085652262,9642.09253829297,0
1135,49264.268325641795,19.0065262741409,801.779606017874,0
1136,30451.6361607239,42.1971366778016,475.42059173565497,0
1137,28726.996299810697,34.7514377613552,3675.83341454456,1
1138,20113.2534933276,30.132575557101497,2507.64970973955,1
1139,43434.7754274495,52.20588011154899,3672.10982821562,0
1140,59208.716084249296,30.9311519302428,11479.4378054928,1
1141,69310.9572678804,42.1106091835536,1590.32580358526,0
1142,60567.4244393595,40.0412224857137,571.9329349300431,0
1143,22048.8950423896,53.798252495005705,4199.0243561842,0
1144,66733.7102512829,52.9778436059132,5366.64079316339,0
1145,22209.0095095336,22.0062600099482,4096.783714405129,1
1146,49032.6624060981,54.556071904487894,1777.9531313067498,0
1147,26558.361055795096,57.833364835009,22.327933177844,0
1148,49255.457967519804,36.6181475799531,4951.91577108814,0
1149,30218.1512280367,48.0214726761915,5914.516662335041,0
1150,56317.08282046019,24.6534822979011,8045.4409532236705,1
1151,53825.430576689505,45.35669021774079,431.45016120131004,0
1152,34927.9936100356,54.1529471762478,1957.0579294027698,0
1153,53287.385024596,59.55992484558371,4432.66544443383,0
1154,32032.5567433611,50.1174370483495,4582.93827444975,0
1155,48405.726805795,47.9328826097772,3766.6144347919103,0
1156,46132.9140514135,26.909398734569503,3216.4912546542305,0
1157,29049.071487970697,57.7825545510277,2562.69555387066,0
1158,68550.6878583692,19.3611887819134,3879.6726518436103,0
1159,47474.819601047806,37.8746449518949,5083.72827173068,0
1160,50021.655408199906,23.816679108887897,1054.26808471871,0
1161,64089.1319070943,37.31044758204371,6272.78844958014,0
1162,28451.7055656761,41.6010754276067,1042.8503755962402,0
1163,58132.4712652713,29.380949851125497,5491.03560172096,0
1164,30961.166140623398,32.1142866155133,162.79559613813998,0
1165,64162.649614736394,53.855563072953395,6938.012519684549,0
1166,67470.11702274901,52.2326373639517,12715.2947207366,0
1167,68263.7662440538,42.6429535117932,4124.33040419948,0
1168,42889.3341613002,57.5066961911507,6340.708854775439,0
1169,20155.792362056698,41.922361955512294,3489.95714756947,0
1170,58178.614573553205,49.692794545088,10948.4994895604,0
1171,45735.4556932114,52.8210372370668,2944.5373541645,0
1172,30037.203133106203,38.684920226223795,1247.01279101851,0
1173,64392.512214835704,37.802182244136894,4513.24371213783,0
1174,26291.375798173198,52.401542617473794,1094.17752939053,0
1175,36008.3809983917,20.6262163859792,3709.3044307035298,0
1176,54953.9796588942,44.6922360216267,365.646185165774,0
1177,28753.325487487004,49.4034802741371,4990.3690908292,0
1178,41993.9843169414,36.1928164209239,6644.34421410885,0
1179,56696.458596270495,57.5202533886768,9686.63030666495,0
1180,51906.0461595654,36.5730408038944,10235.2726101919,0
1181,30939.3933787942,47.893444801215104,6115.82233293271,0
1182,38520.7239701413,56.67372097028421,4176.9499552691605,0
1183,33489.0398592688,25.971044015605003,3581.6550468118603,0
1184,52836.0064304434,38.251363176386796,5671.64432790405,0
1185,51733.28750999639,24.9149514483288,7906.14117885321,1
1186,41273.771498818,32.0903953830712,3299.88507211045,0
1187,68223.6843090504,28.990415092092,7364.001944720329,0
1188,28222.8789106011,40.3313677939586,613.240620104445,0
1189,21921.3610794395,62.327230100054294,1901.14392165499,0
1190,38852.933018933996,27.050294155255,7513.18286435755,1
1191,59621.3676431216,54.15061886236071,7014.62270759084,0
1192,41377.745596692,45.861661574337596,5324.04818485217,0
1193,54405.62497125941,57.1412841030397,6253.20667662182,0
1194,60103.0115666799,56.0537720862776,2632.26561303191,0
1195,67528.6542088725,52.88850155426189,7877.4151313516795,0
1196,61156.937379855706,31.8024259502999,3250.00608359258,0
1197,42955.6945967488,45.416229172609704,2962.8251862479497,0
1198,46923.0467732996,36.339533804450205,3107.8837824180296,0
1199,24951.257491484303,62.0411404804327,2544.3560030506196,0
1200,26267.5294233486,34.4963862220757,59.469163350624704,0
1201,64603.9208793081,33.0618317760527,11264.6911597501,1
1202,34667.0204005204,18.8531892849132,2827.28940194175,0
1203,66008.3970683627,19.4274257733487,9189.61151437781,1
1204,45840.2076200582,32.270279629621704,5299.2397193039005,0
1205,32188.016239088,49.428864156361705,4659.9533251724,0
1206,50289.66474812481,24.0740541960113,6127.38168790854,1
1207,36837.5308508985,54.7285039871931,1598.18356896296,0
1208,28852.0338060334,44.211523932404795,5705.98616300577,0
1209,68127.1668104455,47.952311197761404,12099.9702958367,0
1210,41349.1225149482,53.856206981465206,8083.23220068418,0
1211,69132.4625792913,33.471181642264106,7621.410218952421,0
1212,38477.3255954497,27.346331781707697,289.57658198580503,0
1213,68291.1536470056,46.79353807307779,9577.95514323174,0
1214,58074.6065406129,59.798669480253,8551.25989324198,0
1215,26867.1082612127,32.622299618087695,1730.1519065694001,0
1216,32348.450149875098,59.7523865732364,3229.82006262472,0
1217,31044.3917568773,49.93586833216251,4465.872768882849,0
1218,29279.7497869469,18.813098603393897,2291.9881185651802,0
1219,35145.100187510296,47.79338271869351,510.739968904777,0
1220,44405.28066363191,34.3825240558945,3917.8760982038793,0
1221,42059.6369006671,55.2906857491471,5310.271528649289,0
1222,28612.203062512002,58.8616898772307,4948.488069855121,0
1223,46546.7045479454,60.759744698647395,254.843578632033,0
1224,22832.3239297606,32.516422502230895,3318.4077865437102,1
1225,21565.921539440802,44.126585404854296,4136.76112621072,0
1226,26078.2135813497,31.8068806584924,3665.88089899456,1
1227,60503.547852858894,20.1184142031707,6766.53302048682,0
1228,31233.307758811898,41.7040518331341,1662.4536164880801,0
1229,34505.800930783196,49.32442036643621,2151.6965921599804,0
1230,35485.1182713173,47.3888703114353,2482.0422504401604,0
1231,45986.3534010947,20.287295401561998,7112.926157135659,1
1232,43308.1789803691,34.8313612546772,6777.1982462325295,1
1233,53284.1196795925,32.1432149559259,849.545184282307,0
1234,68398.2874779031,36.99394877487789,8106.859292919659,0
1235,64743.7070659362,56.2570123546757,4304.92910889776,0
1236,68412.6098453999,28.1551284473389,551.84308108532,0
1237,59695.1071452349,27.9032980892807,8889.92840808923,1
1238,32406.5707321279,20.9865613454022,3394.65824024028,0
1239,33184.1959781013,60.3747715908103,4580.097830766021,0
1240,47688.2505742833,34.567089017480605,1377.01840698314,0
1241,42591.5952352807,45.1165599925444,4602.24584082719,0
1242,34051.5280421823,35.7456523925066,6224.15288632328,0
1243,61800.0343837775,29.665795951150397,9143.611708737571,1
1244,45360.716274008206,27.075747632421603,4569.99498661641,0
1245,20252.123456448302,27.441609795671,3360.0594135198903,1
1246,30134.7096031532,43.817228315398104,958.998081921469,0
1247,56217.326496262096,51.5822805562057,2866.5858997554997,0
1248,31722.7309499867,34.851817262359,2877.7561038956,0
1249,60178.4461922944,33.2614089385606,3203.61543829573,0
1250,51144.2430480383,37.8379998626187,3411.65642431526,0
1251,22449.077391065697,35.7657792968675,1187.4269503018,0
1252,44932.875111699104,27.147057728841897,622.912810540852,0
1253,40929.4839412905,20.254605967551502,2352.28711613826,0
1254,31092.2677209601,43.8322064899839,5617.993125845799,0
1255,44743.551632855095,53.0562619292177,2574.70775577185,0
1256,60770.229022018604,33.6267267125659,2242.8257603424104,0
1257,43528.4843132831,59.8920270679519,2264.72515178074,0
1258,25008.9495256543,63.2171484744176,2941.0281549276397,0
1259,47433.4154208191,60.4551652302034,9139.14371046925,0
1260,50064.346373546905,29.3425137042068,417.63310584167704,0
1261,60348.413563333495,60.4467903710902,3037.9681472571,0
1262,67471.1271002889,26.9233536557294,4448.41232274551,0
1263,30492.875671479902,61.6792429047637,4834.73864381419,0
1264,25640.0788831525,22.656479598488698,3105.4430213977303,1
1265,55040.75816599651,52.7144841141999,8352.061533316,0
1266,34476.7063786276,23.350987263955197,898.133906760723,0
1267,23345.8664547652,38.290174844674794,4548.11028864043,0
1268,24426.029871683597,34.6964232595637,823.8351619830189,0
1269,65849.8896681704,30.9688468878157,5051.30238814197,0
1270,60454.5256518759,41.0516049601138,7875.070925940841,0
1271,22680.318430066098,55.0915878899395,1743.7746848123402,0
1272,44471.873731818094,19.613058435730604,5883.660557890999,1
1273,46572.320004925095,59.1216496378183,721.3416051022009,0
1274,24369.8412482627,61.739379307255106,1366.53602502689,0
1275,56830.2728631534,37.1631140722893,10462.740449564399,0
1276,46942.9965177551,55.6415401669219,2187.0654844887,0
1277,42521.7907107435,54.7489202921279,6745.81770760811,0
1278,63188.328528776794,51.1416294490919,3960.8556473890703,0
1279,29410.1775204763,23.498164993710798,812.3235343063901,0
1280,46668.628468178205,57.83494209544729,1833.48584968453,0
1281,62693.26957874,22.5268648453057,5321.71255785555,0
1282,65307.1274794638,23.7231658161618,1906.7955301891898,0
1283,59589.0642888844,20.609764122404197,4191.7158557146,0
1284,41019.5487947203,23.2542530363426,3005.82686432775,0
1285,48058.871382381796,47.7453528800979,6527.99022211544,0
1286,50208.5300209001,35.0276599256322,729.6044302940429,0
1287,62526.88792767,61.0521709173918,5835.54239114684,0
1288,48192.185610532804,29.7553181806579,5026.47455722886,0
1289,30884.0567292646,31.2778618824668,4099.90204534619,1
1290,36965.7424790785,53.762358619831495,6333.39158836421,0
1291,43536.0389109701,27.866907121148,6427.726092600339,1
1292,69181.6640598699,39.236582591663996,1173.7409424047,0
1293,64233.040697872595,26.7145613217726,12104.534207988501,1
1294,52593.5150613077,19.534981993027,811.907862473912,0
1295,32282.251752913,42.63495588768271,3345.9419579997602,0
1296,54077.843278646505,57.120660287793704,7149.066896488221,0
1297,51595.3574841842,28.4618167453445,385.40336251160005,0
1298,23097.376483492597,53.76303351297971,4517.5798007499,0
1299,27407.056202646298,26.159438316244604,2949.93167350781,0
1300,64395.298068411605,63.1713196481578,10054.634638852,0
1301,60432.2166577913,41.9223259263672,6300.8689387081395,0
1302,42990.9828281961,29.5288083860651,4665.58102065705,0
1303,41581.8899217993,22.851220672950102,7895.112865175709,1
1304,53289.0652935021,47.4598436788656,8047.14075406577,0
1305,22372.5052364171,31.493049539625602,1118.92606413711,0
1306,57119.7396889329,22.334487610496602,10211.7219327373,1
1307,31112.059419974703,49.6160042271949,424.352131596398,0
1308,68936.32135353981,43.3650562143885,11073.1585048799,0
1309,20436.3312851638,56.940966158174,2356.18197012062,0
1310,20583.6121737957,21.989767443854397,53.1862073427052,0
1311,58988.305802922696,19.9765913961455,4728.25954236021,0
1312,45311.831838917,26.928214998450102,3103.8122277069,0
1313,60856.830985285305,37.070500629954,10238.4962972866,0
1314,45818.2832505554,48.450839356519296,8137.1644030735,0
1315,20904.5554790646,41.0178787028417,2606.0237760494,0
1316,49908.2918674685,29.550940380897398,2903.03612840759,0
1317,55988.295276183606,31.0870394702069,7745.75480897024,1
1318,62125.258105807,21.085867640562398,5700.45719520566,0
1319,48822.7209588513,60.9443494593725,599.347887026431,0
1320,29976.8290994689,57.666153101250494,3796.03274043959,0
1321,41944.268187508,61.1350629273802,1203.70052925741,0
1322,36970.3604420647,33.7045991150662,1268.5063826011901,0
1323,39992.7191133611,20.826679904013897,4999.2020148962,1
1324,42450.5430436693,61.6142461770214,6210.280586951011,0
1325,42146.93762362,23.7205218081363,7367.25824696371,1
1326,52841.5164374746,18.446023380383803,5957.386323536291,0
1327,66418.9563062973,62.648786257486805,9340.544462232521,0
1328,44047.666555270596,27.313371989876,2096.9175014220605,0
1329,24821.214126422998,19.2439025938511,874.324255506621,0
1330,35583.6185440421,63.054397157393396,27.252482247280398,0
1331,25289.6072389558,21.2805633465759,2130.79353472588,0
1332,39770.128664095,45.190938007086494,280.878547416661,0
1333,59511.1387013458,29.2741105407476,2520.51445210598,0
1334,51211.6540386342,45.6285682567395,4093.3600060362605,0
1335,56530.4972743616,45.544928309973294,5957.993317069289,0
1336,42604.4629816897,41.936381030827796,7942.16814459979,0
1337,66642.0077485964,56.167668717913294,4958.0677755079405,0
1338,35527.8344871476,47.4495290615596,325.119591532296,0
1339,66896.7653112486,31.5454680258408,387.394420295952,0
1340,51980.359542649196,35.4157032864168,6243.04502975119,0
1341,40081.4205571078,43.1167432819493,770.7775495685299,0
1342,50167.67174704,42.0474876314402,5592.65180728153,0
1343,39545.9595881402,43.7008667183109,5787.6580446965,0
1344,43372.3976067267,55.1945837023668,474.525326666737,0
1345,33084.1698497534,59.0291022560559,5762.46995805143,0
1346,53187.9796460271,63.5581642580219,4879.84613933048,0
1347,48290.880459826396,30.036760843824602,4902.97522079205,0
1348,66078.76935042441,45.5363250342198,3664.6214515027505,0
1349,51547.166663222,53.111927493941,6563.41157975832,0
1350,39393.140578176804,52.73927400819961,5415.05466726812,0
1351,69592.0108282007,63.2386250044219,13025.0565706657,0
1352,54588.5011949576,31.077654027845696,2847.8191727088,0
1353,44964.0105990693,48.414803271181896,693.2147137703861,0
1354,46081.6455469467,50.0691045392305,1487.7860414097597,0
1355,45564.015354029805,22.2880102167837,715.836604414868,0
1356,62657.602543477005,28.1742570637725,5771.08825374589,0
1357,67921.63211386651,35.8519781911746,1399.8754718255402,0
1358,59514.012378640495,57.0178458099253,2504.7226488011997,0
1359,48422.5361072458,41.85424767853689,3520.5659009445294,0
1360,22001.3174507767,31.6172848115675,2155.8121729811,0
1361,52529.6987663023,18.812804243993,9808.190939503142,1
1362,24061.463160906,34.511520112399,3980.57878313095,1
1363,23450.872132089,34.4063696628436,1419.80552276132,0
1364,32866.578239481896,44.880617030896204,6037.007732557621,0
1365,30958.9079627767,43.6035659527406,1558.9307648094,0
1366,27550.8952722885,29.732926420401803,3944.2193177008794,1
1367,36024.9378881417,51.806886471808006,4155.44929016665,0
1368,46801.274286117405,34.6052206088789,5315.97382040511,0
1369,27082.718983292598,60.277962766587706,4990.55712316988,0
1370,65435.0353800692,19.8465041620657,12727.9975513072,1
1371,59295.7410775125,51.349799466319396,493.714429947331,0
1372,45435.2672374807,21.042197778355302,2143.38697161442,0
1373,61742.6095809788,34.5598100377247,326.98956762450297,0
1374,31396.8660123646,34.9966813726351,3719.23013486841,0
1375,35916.7041536421,53.5404433552176,6401.18948620131,0
1376,43969.6041564457,25.4830486518331,7455.92015661369,1
1377,60624.8153652996,39.8577877297066,6740.71613617934,0
1378,69939.3296777271,55.6376212476753,2225.2245333151,0
1379,69755.3201625124,44.5436822762713,13766.051239333701,0
1380,69478.3987640403,22.6563397445716,10229.4078769501,1
1381,34192.1605216339,27.9972893036902,5233.66322803221,1
1382,57457.857944537005,50.7146625304595,3608.80520160367,0
1383,63910.3346550837,56.6356326374225,8986.718948176229,0
1384,26643.808993976603,19.2896285057068,1413.7832242580898,0
1385,23985.075419768702,24.4328114953823,2284.20912920209,0
1386,63660.648807417594,50.2829601247795,7832.57241133557,0
1387,44102.33009140941,21.014208402019,842.569077270774,0
1388,29409.8058994859,41.6103968122043,3388.56092327455,0
1389,49294.659313745804,37.2548939283006,4574.85478041434,0
1390,39553.6473765969,53.690633235033594,7063.8980358062,0
1391,68583.0410500057,57.08784007141371,2922.2886852381,0
1392,31060.6062575243,53.2772130607627,3729.9746499427,0
1393,29190.324624069,60.2912226915359,5239.59477294428,0
1394,63437.700148206204,54.628140348009794,11963.364215854399,0
1395,35243.0632268079,35.6298775435425,748.9407178924,0
1396,36475.3535296768,63.330431796610405,413.311163077388,0
1397,63271.6088253073,23.3420981327072,11298.172191103702,1
1398,45540.325522888495,59.318140267860095,1490.47025130926,0
1399,68565.3855022974,21.210909305606002,1231.5373682641,0
1400,20063.0995840766,24.278338806237997,2495.13299137587,1
1401,44222.2622036934,55.8614724469371,7443.48670694591,0
1402,67839.2444550991,47.7825802192092,5609.326602439561,0
1403,54009.6922824159,49.409900434315205,884.735504669608,0
1404,52234.0753511526,47.984505509491996,9255.842933769849,0
1405,28423.1314714998,61.671458660159296,5282.8491817832,0
1406,52623.4375941567,50.418526894878596,1156.31970334277,0
1407,25636.3335694186,55.7820571959019,1239.6882584746902,0
1408,60842.941158916794,60.2551426086575,6608.96879522724,0
1409,36727.745998650804,58.1846541729756,7287.540764449741,0
1410,63830.7474367321,35.1387838018127,5271.62698185449,0
1411,43108.414560556404,22.291961919982,647.879378621526,0
1412,25285.261129029102,19.8195440261625,1027.57779209235,0
1413,57646.2429063395,62.8707484649494,1452.4933777984197,0
1414,51027.5676078163,61.5062966248952,3313.3004103866497,0
1415,37389.7723783739,34.4421687847935,7365.93891557773,1
1416,65017.5934936851,26.917833163868604,1017.16654456031,0
1417,20595.934584271203,45.4752244236879,1330.0676379117501,0
1418,56445.473914500304,55.6615202557296,6875.57968295662,0
1419,60864.3217524514,44.1412975378335,3704.0321262762604,0
1420,51231.010425835804,62.5851672696881,813.0279886810209,0
1421,41103.1369166449,63.07950736163179,3644.3019034828294,0
1422,56267.0508213341,43.12014146009461,8238.11502092605,0
1423,20774.8458185233,35.5881441300735,1347.33161169418,0
1424,46424.2212288082,59.206105916760905,4087.1807070511104,0
1425,29909.554000478198,62.72826527711,4495.27875332798,0
1426,62808.5050662048,56.771530738566106,6465.750589588941,0
1427,41243.8051356003,52.075268419925095,4161.57314849677,0
1428,46089.147885795704,63.2965331692249,1618.21835749227,0
1429,69191.2333760411,57.385184686165296,6270.5740351263,0
1430,60846.6650056653,32.6733948793262,8974.49202107934,1
1431,66558.9343686588,48.5161607107148,3090.99245474831,0
1432,27428.281870670602,54.3271856321953,1287.6320807617,0
1433,60912.798955105194,60.6873638918623,3870.33389343645,0
1434,28127.5094533339,41.48682721192021,3279.55782415037,0
1435,64029.5434789732,36.157751087564996,1644.33917692447,0
1436,61836.7356178351,29.545486581511803,10971.9746358776,1
1437,37005.0718472339,58.890320238191606,1068.8873978829902,0
1438,56003.573401831105,18.2502651894465,3639.90003844081,0
1439,58038.926245644696,54.0021256082691,538.230522684501,0
1440,29237.2562037781,24.597573836334,23.916427866718898,0
1441,33265.7905458473,21.5834590201266,5968.4420381087,1
1442,66236.9271554053,35.9191078357399,2756.97230030986,0
1443,41978.7125010043,52.530102157965295,1603.92486156568,0
1444,63453.223130200095,23.915705407038303,10668.3635123802,1
1445,24985.590663272902,50.132754800841205,2017.13994839746,0
1446,53593.113196548096,62.8858099970967,1428.18921413846,0
1447,54179.721865802996,52.905079930555104,10028.0158575977,0
1448,20126.4137681574,36.4609444406815,1432.3558619028302,0
1449,51180.839706212304,56.7899114075117,2875.44522980166,0
1450,36455.7015057653,38.4789186194539,3437.0768952533504,0
1451,39188.9452864416,22.399109780788397,3545.1622485755497,0
1452,47852.92690387,38.93593926448371,3295.3200609455102,0
1453,20014.4894700497,43.2022035038099,2426.30622270591,0
1454,28630.009507760402,27.291530027519897,4406.99505612761,1
1455,66688.91312321651,48.0852702674456,9690.30879814676,0
1456,53226.194407325194,43.6187472892925,5686.64311580018,0
1457,35609.4783451408,47.886393541935796,2574.09343236607,0
1458,64065.682857763,43.28767313994471,771.71749424679,0
1459,54935.658378526605,42.95419475203379,7921.83050973712,0
1460,67800.5813318305,28.9432969815098,5035.13937788411,0
1461,46893.336710054406,43.6860980782658,9131.86441883589,0
1462,54648.9669755101,56.490556250792,10674.7702051663,0
1463,31410.5072920211,36.2045733071864,5797.292398100711,0
1464,36989.5895407535,33.7556324498728,556.55594070128,0
1465,33198.1282844208,30.142012033611497,4285.38691174949,1
1466,47704.380825161905,21.8403608766384,2717.0794847261104,0
1467,30569.5727048442,37.477678326424204,4752.5575717228,0
1468,61398.687066975996,63.2944037974812,9008.154521284408,0
1469,67750.8259937167,33.5187431662343,6855.986311283559,0
1470,47637.8620299511,51.051450930070104,6708.67359111538,0
1471,38357.5175236911,25.546307830139998,2548.41391592928,0
1472,43156.3052744605,27.8468346674927,2413.01190680546,0
1473,41101.5429464169,35.654033693019294,5240.1143734774205,0
1474,59475.4971843213,36.7371304794215,2628.2621240183803,0
1475,40708.9194096625,32.816768867429296,5532.3438431879,1
1476,30391.473304480296,59.264770790003205,2072.63406602468,0
1477,46024.1445619613,24.174516219180102,4318.37772179352,0
1478,66529.4852154329,59.429795145522796,6337.6749385873,0
1479,68115.9803341143,37.2917711720802,7458.559482000691,0
1480,38423.0842860416,29.209119285922498,3676.56835427872,0
1481,33227.2801827639,23.1489815721288,6470.410380719821,1
1482,61674.4572343305,54.8293015290983,4054.5517710623208,0
1483,26931.0682476498,41.2806041608565,3668.6467729337,0
1484,60040.9938418306,44.1414116015658,2659.6945405820397,0
1485,26181.242410093502,42.6630315240473,2618.9734974882103,0
1486,61552.2175142542,61.0876121469773,4042.53973374386,0
1487,29705.074725206898,41.834137139376296,1912.20509104439,0
1488,53934.8122710362,21.4743404272012,2085.81763906667,0
1489,23007.3878820986,48.972523716744,2296.79532725441,0
1490,48552.843409124805,29.3780835419893,5650.88968761866,0
1491,66370.88875751941,63.113496308215,5176.36116095836,0
1492,49140.2698610909,43.6411619479768,8832.65170692964,0
1493,39684.9817992188,33.628850525710696,2590.92817525105,0
1494,32025.4044537432,37.5065867779776,217.48852796721002,0
1495,55568.1794579141,42.756973792798796,6114.867545566911,0
1496,45898.513523861795,24.6631496008486,5617.178645345511,1
1497,39217.909919098,30.1014204891399,864.624052947255,0
1498,34070.603996515296,27.294051585719,1401.6850611281197,0
1499,66768.361213617,49.1308748191223,4255.36763560122,0
1500,31400.8584292606,62.585855379235,4464.40426807541,0
1501,49335.7572634704,43.6283751251176,2549.62047351317,0
1502,51774.0525119007,47.7818413753994,1508.76177567629,0
1503,43064.6473472007,43.93942570220679,787.047189746112,0
1504,41226.1346750893,49.12415229901671,2155.66005854711,0
1505,43044.5177759975,60.8484243666753,1661.71345972499,0
1506,33546.2920414284,54.6984751406126,5347.29550689902,0
1507,69209.3308712356,26.0328495185822,6284.83357255315,0
1508,32291.5445477702,39.174613640178,277.387568479942,0
1509,66274.0728980862,21.8256042641588,11576.542236597901,1
1510,34102.7912031859,42.0537312338129,1269.25457474922,0
1511,21144.5628711954,21.355885541066502,703.363922990578,0
1512,41049.9745910056,49.840941323898704,5890.11364359475,0
1513,36351.2777304277,33.8635710026138,6619.83268303124,1
1514,63144.4592075422,32.0986736253835,812.572549581062,0
1515,32086.9135367684,28.410776470322197,6362.39035410808,1
1516,28873.167319688902,62.2347470652312,992.5777176640449,0
1517,65359.29615376519,18.605122473090898,7707.240563210759,0
1518,49064.2884676345,43.372344576288,5636.353440223261,0
1519,23763.0605627783,39.393097182270104,2950.31486311935,0
1520,51845.9425587207,43.4194350652397,8750.83208800708,0
1521,67035.32642452049,46.099209739361,11276.6225405751,0
1522,49240.762500558,53.2545798174106,8004.35984024104,0
1523,36132.3275882751,18.713332561776,3009.39733978784,0
1524,67006.8064867519,36.1980030969717,3692.1691720194,0
1525,39453.6456139758,32.4015455972403,436.935246909842,0
1526,52205.607055220804,24.640143856406198,1135.1522255492,0
1527,46319.416798651204,45.146788359619705,1523.07205829741,0
1528,29398.7274216488,41.412175883539,4673.766197510329,0
1529,31135.607713367797,19.009670652449103,2457.9136896619,0
1530,65603.8167583756,19.0216423212551,11775.3545787462,1
1531,41362.5083677471,44.363808075897396,607.9656119507911,0
1532,60302.558999974295,52.1849490096793,6509.698608005079,0
1533,54468.279208522305,23.876815125811802,68.6254562680885,0
1534,47683.715778403,32.3065359489992,4752.28787681676,0
1535,38160.1164978929,31.3281223042868,3429.9015786975897,0
1536,22925.8120805025,34.7410444347188,2547.27974185242,0
1537,64087.858812417806,38.037175831385,722.519589232964,0
1538,65824.5156565681,40.6219201330096,2643.10643205609,0
1539,53451.931539457306,49.6576160262339,10529.7234876203,0
1540,36455.4847055115,35.260340718086795,2464.16232121798,0
1541,39573.3414380811,29.137026176787895,5785.88427485782,1
1542,41052.365784999,49.911707181017796,4652.95174811759,0
1543,37895.1817331836,54.5151493181475,6071.34020471132,0
1544,44827.23377179349,56.2984954169951,2639.91684550513,0
1545,28341.086772270497,39.961768785025896,2248.24291357626,0
1546,56887.2027960606,36.4170332560316,10969.5966863322,0
1547,25146.5956843458,21.054199264384803,2890.65279259851,0
1548,54739.164519123704,28.0218697916716,7218.9682240579195,1
1549,30497.204505372796,28.476944413036104,4573.59408976341,1
1550,25358.897941187002,41.1717944289558,2220.22559978896,0
1551,29993.5633013956,49.055773179978104,2749.5856968328803,0
1552,64675.779482349804,30.5151092219166,4628.60300266554,0
1553,56256.038874853395,22.1605025473982,5452.24453174869,0
1554,31702.3342987522,28.4226720966399,3587.7223890690298,0
1555,34113.113284111,30.8335623210296,6360.15489740922,1
1556,44666.0128468648,54.7025232999586,7548.44437291303,0
1557,39421.366835012996,26.4306427794509,6111.961017092231,1
1558,21683.1937246025,46.0273932213895,339.592268926788,0
1559,65697.592839133,36.286159678362296,5644.653158554979,0
1560,68657.7893025242,35.764108172152206,2427.94988726108,0
1561,66981.4129988663,27.480954650323802,6678.56280037054,0
1562,45971.133494749694,27.398472916334896,4776.49048616368,0
1563,42965.9927543253,45.19554598908871,8109.05140901618,0
1564,50895.8103414625,18.9570020614192,5556.83987007072,0
1565,46175.0319390558,36.9153439118527,1064.0818754243699,0
1566,44984.89911668,51.7472122898325,4584.611815906,0
1567,66941.86486303809,22.540735562797604,12380.624706792,1
1568,31022.1448470838,39.1758576631546,6144.939435945949,0
1569,46583.199598826504,32.704374910332305,6241.27050834808,1
1570,56201.841430738605,43.277520182542496,8346.32092177162,0
1571,31587.0648645796,56.325616270303705,2677.8257134135,0
1572,40716.1908852868,25.805651593022,2389.7007594319502,0
1573,64966.0656391643,28.379293691366897,11495.731101963702,1
1574,68503.2058903016,19.2805354306474,3580.46367722387,0
1575,33867.5022637472,30.1578542543575,5714.026373679871,1
1576,54195.015172008396,39.301748240832204,6649.801458944879,0
1577,50565.3370916843,62.6558653847314,693.196416870457,0
1578,57216.1010163836,31.8223280687816,3554.3893651037897,0
1579,29849.967143964,39.9287241469137,3678.89967602364,0
1580,29072.15179177,38.4758883691393,1589.43843220617,0
1581,29775.1422203146,21.0349717177451,3327.23623483166,0
1582,46672.7131442167,54.548703772947206,1408.49771708358,0
1583,66393.71115481481,58.612272090278594,9540.416625887621,0
1584,29338.256448973,25.6901291194372,5120.40679717739,1
1585,67289.5856830291,26.7274004640058,13376.7977060636,1
1586,45980.334344785704,31.9483236707747,5929.09802983651,1
1587,34163.6256477796,45.782717915251894,6617.40017195646,0
1588,52216.815801803,23.6371360039338,6803.33339273416,1
1589,62313.2776282728,60.9173057088628,925.795592135596,0
1590,49205.6370992213,24.6220297645777,3393.85658908614,0
1591,65688.7315027416,24.5644754115492,3673.8704148985707,0
1592,43489.8284543306,51.733790383674204,6501.041225662329,0
1593,40966.6745271534,46.755072151776396,2393.52414875071,0
1594,37261.4471171983,23.7183924899437,2075.5198219004,0
1595,58775.4038907588,45.697216598317006,5673.599822075799,0
1596,39395.8304123953,36.3704711874016,7557.8733378587,0
1597,21144.162146374598,58.3921971502714,987.7941458290891,0
1598,33126.1327187531,50.963954247534296,4169.992872455129,0
1599,30931.5060195513,35.8824849808589,1074.78790405487,0
1600,31936.9420106523,59.0371277481318,4087.9950476953704,0
1601,38157.029675785496,51.528140125330495,5628.01200410865,0
1602,21032.8186908737,30.0824641142972,4024.0893667788896,1
1603,50238.5324728675,34.5552007704973,2567.61515437351,0
1604,67346.6624622233,34.9015168333426,6752.12245843297,0
1605,33261.6460206918,18.229629389476,586.6510961630651,0
1606,53113.036095164694,59.4368922766298,10080.5243838632,0
1607,42749.9903179705,56.4190945834853,4626.53863737325,0
1608,42108.1999246962,26.991351277101803,1020.97816418314,0
1609,61344.5322075859,20.1755322436802,7172.65433235279,0
1610,54738.6822919361,26.7719294563867,6210.728279474511,0
1611,69695.1504494064,26.4244834128767,8418.25315995041,1
1612,62507.3547754437,27.9570272588171,6590.777229734051,0
1613,61922.7746431716,24.8086569984443,1933.08292037314,0
1614,58023.7237666734,42.7518386649899,2785.7795625491303,0
1615,27010.8837680891,36.609622445888796,2373.17525529916,0
1616,21194.6161743253,25.9131900230423,1102.84809429723,0
1617,68338.0974037573,34.3344714795239,12840.6967096981,1
1618,67772.7936813608,41.515260858461296,5037.9338614917,0
1619,67131.8026888184,58.0628085201606,2271.4045367837102,0
1620,33159.2172780074,42.343177925795295,2135.5321373166003,0
1621,66087.0884708129,51.1457220236771,11039.288718792099,0
1622,60362.344274762996,24.6941230664961,10306.705364572199,1
1623,54609.465184621506,18.413736339658502,5618.20456988315,0
1624,63637.281830888205,26.851987544912802,9955.225361701909,1
1625,40918.5702959076,37.185845421161495,3813.6992679593104,0
1626,51486.1303195357,33.5510297357105,3955.11335056197,0
1627,44896.2564859539,48.61068103089929,3787.63914107534,0
1628,24877.6844050735,29.823620389681302,1546.42288551626,0
1629,52263.355504255705,34.2960922359489,10161.9466747561,1
1630,42775.5255065858,39.227083160542,6145.98775686718,0
1631,67064.0136743896,18.1760434475727,8945.28946874109,1
1632,50307.944677770094,51.912932369858,7207.9411733377,0
1633,37432.680958882,22.6691616862081,4445.502385401021,0
1634,30084.15883407,18.4508251422085,737.253724397632,0
1635,61427.4146431126,20.1080088275485,2163.31248732975,0
1636,54718.852792866506,29.5248576789163,2883.28410681555,0
1637,47923.5755093396,57.21906913165,6931.716435305071,0
1638,22880.727604497202,18.4288676595315,1909.21513932129,0
1639,46118.5501003638,23.974000670947103,2728.31148575531,0
1640,35082.3856936768,41.153689483646296,2918.47772058734,0
1641,38387.322279159,30.076033597346395,6453.507839377479,1
1642,57413.572240620895,43.91195050161329,9421.29841256448,0
1643,28198.0973365717,62.43771619396279,4370.79361949515,0
1644,50117.8570371121,32.8272838406265,3599.0688208868105,0
1645,34876.332925632596,53.4156972491182,3102.34705911763,0
1646,64126.4916793443,19.297853528987602,4956.94156453161,0
1647,41916.692680679305,48.1487081670202,6106.10958603407,0
1648,50052.292929031,27.4822348952293,5589.328271244829,0
1649,39158.9175141416,41.2967821788043,6887.738420899979,0
1650,62219.037539325705,19.5239827041514,5831.52142854804,0
1651,67151.3186115772,51.6550989500247,3941.69867338911,0
1652,46166.163128800705,25.9961206219159,901.7531176543961,0
1653,23881.7865075544,32.893709717318394,1190.63010538961,0
1654,48445.1131243259,38.979567678179606,8733.44221481746,0
1655,32441.6520120576,58.7095565763302,840.714206590161,0
1656,33820.186513476096,61.0508843427524,4342.17811096838,0
1657,61812.901350203894,52.961987729650005,3124.31240923735,0
1658,25347.5726628676,61.6453948724084,2188.50308566908,0
1659,33965.5237086117,43.912746462971,3123.89873794984,0
1660,23641.702677123198,56.8136033872142,4203.50355956808,0
1661,50660.9042454511,52.168664039578296,7511.0034944948,0
1662,44037.2439846396,58.440507242921704,5269.518402890621,0
1663,51657.1239614859,35.4146975870244,609.350885818378,0
1664,46573.244377505,53.1107936897315,5533.29218872027,0
1665,26922.462221700698,44.1555712055415,3950.0007899560496,0
1666,48414.2515389249,21.953589855227605,2105.7095047383104,0
1667,43974.840529263,47.432411029934904,8371.493105428,0
1668,65913.8320060447,22.7890518046916,12972.418362774399,1
1669,64715.9989736974,60.939410349819795,11173.808451968202,0
1670,25481.9879122078,48.36229289136829,4005.81614803106,0
1671,54170.5326107331,37.441050716210206,1048.93237153118,0
1672,51653.7047387101,19.877511996775898,1853.41915551256,0
1673,66054.5062320307,39.0771388872527,10321.0987007481,0
1674,60019.447135273396,19.3824147786945,6978.34712803046,0
1675,31523.9528589882,62.2749227751046,5697.0214691969295,0
1676,65660.9485438094,22.194990343414197,93.1526418784096,0
1677,61893.4836401604,19.179906499572102,6038.16266197042,0
1678,49230.0982051529,47.8461147677153,8375.729867077429,0
1679,38337.8294692375,55.5069526312873,5691.09348958924,0
1680,64016.4333907887,44.276950193103396,10048.3942099748,0
1681,46308.645156677805,40.7064615902491,6815.48514146401,0
1682,66209.1442663223,45.188193826470496,7134.65611853662,0
1683,47770.71142336349,33.9493660898879,5366.868792741489,0
1684,29856.486320495602,18.055874488782102,4731.81686363074,1
1685,21451.4972921461,52.1840196205303,1719.03804390983,0
1686,59673.170447349505,57.2866714606062,7533.679838739879,0
1687,47481.4296397381,20.4952215258963,9402.87611781971,1
1688,36219.7729106992,56.838900666683905,4280.79419881294,0
1689,59458.704343996906,56.4301745630801,1513.3276370025303,0
1690,67010.8409761451,51.522295596077996,11646.910605904099,0
1691,58693.419424817,27.1762848948129,4033.15351918701,0
1692,43041.0413932987,46.998457327485106,2245.50527811304,0
1693,31920.412722975,52.15906047308821,217.18796207658002,0
1694,32771.1254055612,58.932584867347,1853.68197037988,0
1695,55487.14712960651,32.102719482034395,178.692471563294,0
1696,68406.8071702495,46.0562726054341,2491.4608613576397,0
1697,37277.1230572835,28.354908418376002,4242.64064753559,0
1698,39762.5265805982,25.669949863571702,3809.3471551494604,0
1699,41674.2431395687,54.6583339176141,3203.2046561695597,0
1700,25789.742025081097,45.3162111518905,4442.3317798669705,0
1701,24575.0598888844,36.690029055345796,1667.7487671760098,0
1702,58082.360103726394,60.156327033881105,9175.66731776003,0
1703,67881.8804956973,53.26011154428121,10503.5712534477,0
1704,50115.05489703269,26.7789781559259,3447.00215249966,0
1705,40443.2036262006,33.6592989233322,1857.25232688308,0
1706,65824.83738195151,19.673241277690998,154.945616250235,0
1707,51199.8698394746,22.403576805721997,4064.8180932401897,0
1708,67032.2894630954,44.3261667871848,5487.820265810829,0
1709,42205.6829021312,23.4349054512568,2444.73719560844,0
1710,37730.3621079773,52.4298810074106,5273.55935226625,0
1711,47398.3110440895,50.173426982481004,9041.87883545742,0
1712,48933.209693059296,50.065782949794105,5071.3718912882205,0
1713,53078.8558349013,49.17618969455361,10566.3538692233,0
1714,53236.992999445596,57.9326121918857,703.602197848316,0
1715,58121.954689268,58.363808711525095,5161.1074086113595,0
1716,57261.151394341105,40.2325591379777,2527.7559225466603,0
1717,52102.5909041055,19.372464833315497,8799.819841916751,1
1718,45165.9259549342,37.9000043827109,5534.5507976726,0
1719,58809.2924724333,37.459188552573295,5470.58784591839,0
1720,36598.340473137796,41.9621296385303,6849.2948103027,0
1721,62096.282611601106,25.0234321518801,8034.74777409028,1
1722,68114.0709831379,47.19519398175179,4325.09926791081,0
1723,67978.4668539651,23.456651375163304,7382.502551328309,0
1724,26615.5242966488,53.3503221618012,3458.19361435323,0
1725,51254.37000999231,50.649407097604104,8747.20862916447,0
1726,34428.9726391435,27.3684103004634,6016.61509078929,1
1727,60974.587143864504,33.8957485635765,6165.65881962793,0
1728,63330.7345490903,30.230243618600102,5170.89985156585,0
1729,58168.474065605595,27.471521140541896,2935.36765668552,0
1730,59579.6092110686,51.1302135973237,2319.36285651329,0
1731,52219.895499292805,47.6798677346669,6560.469542035439,0
1732,28700.872585177403,28.797041818499604,5090.31049085575,1
1733,27193.743053357997,21.4095960748382,4518.8583509090395,1
1734,67417.5709998235,29.910983558744196,6478.40253245573,0
1735,57341.4327739738,23.47849796433,784.894856825166,0
1736,64056.536117568605,48.86906317761171,5982.80503901825,0
1737,66370.6935057417,38.40550486650321,5906.0343086742605,0
1738,45045.431649777995,58.6236949465238,8489.40598539328,0
1739,58609.13148382679,22.0975798517466,4270.5329956158,0
1740,53289.0679710545,32.3002068898641,7395.513416308141,1
1741,60309.328830335304,34.3790548262186,2343.07383332144,0
1742,45139.4863938913,19.617209166754,1743.69146395254,0
1743,22815.640612971,61.7265654839575,2749.0798436118102,0
1744,45215.0146872737,27.838848117739,383.85016732649905,0
1745,40568.075182382,35.9414662765339,5990.3186079527695,0
1746,43721.2518113665,55.127708339597994,5923.392464496321,0
1747,38129.754869733,19.084409590344897,3964.7292778685996,0
1748,22547.961636446402,57.6264127613977,2957.2957122300895,0
1749,57468.0594424717,62.2650460018776,8452.955623884442,0
1750,25534.6735171042,37.871756194159396,1084.96694239575,0
1751,26325.503392145,56.3502777488902,3336.13147168388,0
1752,65913.8308418915,36.4777576490305,11738.9157053453,0
1753,67119.1359567456,18.055188510566897,2725.2403131963197,0
1754,62020.468134432995,56.6535365092568,114.20988809934299,0
1755,37965.8493376337,27.828579597175104,299.054705855901,0
1756,62114.856024272696,30.749477461446098,12115.892310922,1
1757,36871.061758138196,46.0343616371974,792.71105443821,0
1758,65030.909345950895,36.70069066202271,2231.97616645921,0
1759,23193.6045968905,41.936056522186796,548.596116253349,0
1760,59568.6243195087,40.5589190921746,7685.3267435919,0
1761,50527.5841732509,26.6529626757838,5639.24568873359,0
1762,60776.110207662,34.2069418113679,10382.439679089,1
1763,61632.2827106342,34.4308087760583,3028.5913283043797,0
1764,45930.4526494816,49.9913307242095,7765.2528273280905,0
1765,25857.7655931003,41.758354416582705,1810.23233886952,0
1766,55093.921225052305,55.1760833254084,6485.3015902704,0
1767,42301.3344802894,19.5034356811084,1480.61489018621,0
1768,51903.5342545249,59.7626620447263,8807.867970998092,0
1769,64398.146157618605,35.5975403040648,1674.90563293026,0
1770,41089.5108291879,57.6274173790589,997.184168539689,0
1771,36727.5508982129,24.597318194340897,794.5568182373869,0
1772,38163.394543808,63.2516524642706,454.30767679965993,0
1773,35949.8964087106,56.7387455981225,3680.17702845819,0
1774,44979.802186135195,32.5319016040303,6045.0894869837,1
1775,48211.5818350576,30.5573441837914,2606.12469797143,0
1776,28267.0899457298,54.6462766956538,965.3732272185181,0
1777,33816.223340109,60.248191382735996,5265.743252438289,0
1778,33078.995980322405,36.327199691440896,6278.31627900097,0
1779,36019.8171972297,42.845665691886104,2987.96212327688,0
1780,34238.5302926414,63.4341880124994,6002.935110435239,0
1781,62064.5206817426,22.8258572579361,2972.38102277662,0
1782,44867.61524342,55.81275256024671,366.101104406139,0
1783,37162.8882177174,28.8766067125835,3110.53114737451,0
1784,65680.9480208904,62.779426620341795,8838.23130454766,0
1785,58772.8574802168,46.5050383456983,7048.0053433926705,0
1786,32435.2481099777,43.06626362213861,5685.405228108671,0
1787,58028.2131955028,50.0954817184247,5753.89502717095,0
1788,60595.275326632,62.2207088721916,4534.490221631359,0
1789,36565.8038924448,19.8994022835977,1888.3347360569896,0
1790,20742.6969707012,61.5984211568721,2295.81809350674,0
1791,46666.6380106471,18.7455757549033,7677.82385557827,1
1792,32203.56693957,61.1675705555826,838.0214411221621,0
1793,36535.315394867204,29.8748918231577,271.725187722127,0
1794,28163.2950692438,58.00352913793179,2121.1519558446303,0
1795,39019.357743673,31.792708855588003,3196.5597688723497,0
1796,24709.083249326803,54.7452039136551,1915.3855935111899,0
1797,43052.968562115,31.5268535530195,488.93727346723296,0
1798,25003.916111309103,53.411577749066105,2183.71342628562,0
1799,46696.8926647678,34.1997820041142,4732.4981439056,0
1800,50112.4621997587,41.304637453518794,5067.03292510384,0
1801,43265.9003231674,44.7433101194911,6194.072050483471,0
1802,67802.6944561861,49.0379870776087,13443.4731764345,0
1803,55408.705950249,43.3228068151511,10300.28124769,0
1804,67048.8930004649,55.05304128862921,10839.9137599877,0
1805,40262.597640976295,51.7988581843674,6535.851950033779,0
1806,46427.499181590996,61.846535414923004,5671.45055982651,0
1807,46911.197102163,23.430980812758197,4263.85358792053,0
1808,57359.55243464559,34.795262857340305,10011.410682346,1
1809,34569.3046390079,63.640651529189206,6254.52761697167,0
1810,52797.4010375328,21.127010439522603,1080.42349008036,0
1811,56630.39526436481,57.9731614631601,8442.89137257217,0
1812,45245.7397524267,35.8244426706806,1974.0099040035502,0
1813,20803.6145358346,61.8922501667403,758.43484908373,0
1814,57717.606790829406,48.7978129191324,3153.22282858557,0
1815,20647.887645755,20.321645560674398,725.456868595806,0
1816,59046.457153745,36.827119524124996,8237.046828605171,0
1817,62662.2588303871,25.2988648773171,1965.9213566813899,0
1818,33614.4946096465,46.473081822041394,4837.78751067317,0
1819,48765.128867235,50.070416539907505,5183.859126382,0
1820,57240.7569433562,41.571390764322096,313.627941832336,0
1821,49973.6664630473,43.91861469391729,363.89991696954,0
1822,41255.9396866709,45.583265012595795,5296.90777315783,0
1823,61129.7231563367,35.1091779656708,11302.7676868696,0
1824,48938.583435956396,59.7079242304899,3028.83461924592,0
1825,68648.2413951308,27.9200100218877,9425.70730928511,1
1826,41250.828541815295,39.0781830362976,7651.577271506509,0
1827,22415.654761716698,40.6872983798385,4371.71544106113,0
1828,24112.4993935227,35.9713375223801,3285.4999476636103,0
1829,41692.605176940604,62.121249806601604,1708.71250339329,0
1830,23516.727697569902,27.3626951933838,559.905322890733,0
1831,53812.2264831327,44.9191522900946,3245.0416673940003,0
1832,29750.294801779102,45.5444554327987,3627.98707739863,0
1833,22633.676922414503,37.5969303091988,553.520858639322,0
1834,28713.8305185363,54.700845524203,1936.81325684877,0
1835,63321.909266524,19.487914884463,8092.982779946221,1
1836,35276.5879873186,28.5721331895329,6820.315403719871,1
1837,35914.6093064919,60.8050912762992,520.996033494828,0
1838,31568.144324701298,63.8639845149592,5067.4100131801,0
1839,39934.0674909763,31.6079666293226,184.74430235095198,0
1840,48614.8496787064,61.3012934881262,5984.95078361862,0
1841,29838.1248069927,25.8950840602629,5913.64955570739,1
1842,57745.3588764183,36.7296103164554,5540.4640473639,0
1843,44447.529297322,32.718134177383,2714.4031075508897,0
1844,51768.0053412914,30.544511467684103,6632.036202597321,1
1845,34891.1404423416,55.048935229890006,6152.31449154773,0
1846,45382.8078974038,42.5163445896469,2742.45497541323,0
1847,40719.4903166965,22.926914404612003,6415.0862444378,1
1848,55145.785007625804,57.8824586365372,8968.67887727982,0
1849,48752.4240789935,30.763360913377298,8934.78576079228,1
1850,55763.4274172597,30.5854479665868,7913.83773387785,1
1851,36431.1614120379,46.452797038480604,6783.361362639921,0
1852,40522.828283719704,63.887140834238394,7720.7804890635,0
1853,42465.6697479077,58.0165700819343,7314.97632170726,0
1854,38561.9440395385,45.8798310379498,4831.11117052535,0
1855,54957.449673675,59.506367242895095,6976.4632747324,0
1856,24822.069837246097,29.0203788527288,2361.1668022374397,0
1857,25252.4877362885,23.788303747307502,434.86745161344703,0
1858,25671.742581762403,18.746455994900302,2272.14762045204,0
1859,60672.1455859952,43.0559086166322,6279.6870072868005,0
1860,60729.9492391758,40.7735017831437,5006.850087456421,0
1861,40240.7275559381,26.9590053195134,7498.630446855849,1
1862,57513.8174626045,33.0920195085928,6921.4910285276,1
1863,64287.3976309784,45.883906444069005,6301.594778224129,0
1864,48428.033646196105,33.932393310125896,7718.479795185201,1
1865,55313.832247629805,25.212564835790502,9733.11318882571,1
1866,27045.3995722346,50.2212005364709,2503.7883995275,0
1867,58216.0719833337,27.404480647761396,9581.83330584003,1
1868,34722.9648311622,22.223386954050497,4073.41190141951,0
1869,58503.7710075267,42.3725129328668,7050.43252621121,0
1870,55299.7872396372,62.1931477542967,8052.38128314598,0
1871,49501.905920915306,50.78811185201629,2226.81958036494,0
1872,61765.7090350986,59.9558734656312,3649.6431030705103,0
1873,48430.993668735,18.5080935861915,6069.64909380359,1
1874,66366.9574237429,41.5761699704453,465.011565756224,0
1875,55320.7800071687,29.417216334492,5990.7169731882705,0
1876,48774.2881570011,62.840849126223496,3728.48334170117,0
1877,61679.9531551078,24.1914257979952,3060.0301677130396,0
1878,61485.179599840194,60.1881995359436,3211.6702808546397,0
1879,24402.4401693605,52.0275973733515,101.218538140203,0
1880,21258.9027755894,54.224563381169006,706.619738681604,0
1881,48763.6805442162,28.0602953033522,8172.05250385158,1
1882,24406.89381212,37.9053184995428,1733.40311054441,0
1883,61693.5863089748,25.684226048179003,1568.8636891672,0
1884,22748.033043462798,26.940717251040002,108.62991134456199,0
1885,21479.9467171542,24.314280502498104,1098.0733647218801,0
1886,51286.6564025171,45.859827140346205,1134.23438387685,0
1887,27153.6639239639,48.8180328309536,3177.5173724981896,0
1888,36370.493976865,39.6707891300321,2855.2160995866902,0
1889,32400.5449586548,61.6792393168435,3591.7975053486207,0
1890,60434.1644258238,63.2186164692976,2474.24811229965,0
1891,57303.479760885195,52.15536584705111,10491.6321514839,0
1892,42994.6822393686,36.425610730890206,4453.824616990561,0
1893,68339.807940647,23.3653235542588,2505.86839812077,0
1894,49292.3031374812,20.6223270054907,967.134588168133,0
1895,57802.429695148,43.041728856042006,6796.59093473349,0
1896,50779.3807936832,39.4359148116782,6859.836595599039,0
1897,35993.9897595905,53.9390205498785,93.89580488374209,0
1898,21771.129341796,33.6877787308767,350.44554839511903,0
1899,61414.8012641817,56.889189159963294,9743.60925907749,0
1900,35784.6634858288,46.5478702839464,110.202890548355,0
1901,24791.186703369,39.6432714527473,4844.68098269435,0
1902,49048.7573598512,52.051793707534706,6363.11366818686,0
1903,69852.0587221719,62.202313144691296,9246.26505750173,0
1904,21217.7474563941,21.3656869572587,2690.76813397945,1
1905,48031.06741048401,43.6701637604274,7826.32590939549,0
1906,64072.3132225685,61.1583992317319,2426.0086222937603,0
1907,56689.4638980739,41.003400320187204,5740.591697530911,0
1908,45769.2595245317,55.8271972807124,8236.47651886542,0
1909,35020.4887730069,24.9919104841538,6832.803041888821,1
1910,56751.9285064191,59.2044248851016,7877.33004149761,0
1911,27363.631797488797,44.3864208948798,3215.26309296887,0
1912,48455.7174076326,27.4762682910077,1780.5073342770602,0
1913,21424.0913325921,36.9184383805841,1795.2239577898397,0
1914,69992.33271228151,41.771231430117,52.872190279850905,0
1915,68110.2399528027,32.1715747234412,11029.667709698899,1
1916,48015.554742887594,28.241796202491997,54.0082423765092,0
1917,23102.2177892737,35.7616833699867,1779.5745284350799,0
1918,46134.8541360348,54.8654459267855,8716.61125941204,0
1919,48547.961381264,56.6414742642082,1940.87069929917,0
1920,26095.0269107707,58.10209089145061,5143.49041556889,0
1921,64057.844788767405,59.858434816822395,5774.281958129571,0
1922,24454.1906216182,52.390862160828,864.9687379108341,0
1923,40506.944006774596,52.241514124907596,5961.53181600807,0
1924,43421.0457419977,27.217440214008104,4705.75708282464,0
1925,55881.5417974256,33.306685289368,8383.07416484486,1
1926,45917.6006889902,45.157120659481706,8253.273858040659,0
1927,52901.9095399417,60.261359328404104,729.3773771563091,0
1928,41183.8246555999,56.032364883460104,7606.993238559659,0
1929,25379.9154818989,24.9290873506106,4693.11169707689,1
1930,27514.0884728171,36.2786843804643,192.144610510401,0
1931,44241.28300044691,19.9825388290919,8733.179295151309,1
1932,29076.3377142139,41.2224626955576,286.264434196967,0
1933,60536.9128682651,32.3261754103005,3132.55183069445,0
1934,47881.9559956901,38.099812350235894,5575.63564838086,0
1935,49144.371056463606,51.89382022572679,1633.03577963806,0
1936,33707.801036071,59.91764355450871,321.578931158535,0
1937,46442.282786592805,28.845958323217896,1484.56154845106,0
1938,25602.957250084703,28.4463765965775,2214.92249276823,0
1939,61236.396075692,36.0016917237081,6562.9038372817295,0
1940,48187.347878702,55.5330095859244,2003.41184966425,0
1941,29933.2019337453,18.6590213244781,5953.52187129338,1
1942,41027.9073566198,44.7719354680739,4369.21887593705,0
1943,49990.6601081602,45.5427551227622,1896.75499382091,0
1944,59792.5085853785,24.187499135267,660.241452576494,0
1945,35879.519993905,41.0729347174056,5335.40349911225,0
1946,29102.221718057997,27.1292334017344,1890.4474777119,0
1947,30047.8194071911,51.077324590180105,5768.742734990649,0
1948,59299.162721727,36.9842769200914,4944.05626409444,0
1949,64484.0147974901,33.0994235407561,1391.6018015385198,0
1950,36352.4222909473,43.7188643151894,6239.24752554114,0
1951,66034.75430049,60.7262946041301,3913.7821239381606,0
1952,51650.2713714726,40.1050568986684,3743.00343686135,0
1953,31898.159910924704,41.3171591130085,2015.18296932815,0
1954,58780.233496800094,18.701733683235897,5029.70763593419,0
1955,67754.1046682745,42.9807849037461,2989.95099658697,0
1956,48500.2681543119,61.304800246376494,7054.60614935761,0
1957,55704.7981582582,48.5166189149022,5594.332971007149,0
1958,50458.9582025073,52.314565026667005,9852.889427216229,0
1959,48263.003425672694,28.5496045635082,7798.793462982109,1
1960,38755.1627052017,56.355426607187795,4244.49803308998,0
1961,68131.66429521519,57.40525788953529,7813.23982954838,0
1962,28991.423936095096,37.165156937670005,1249.34756391816,0
1963,35108.5579534993,40.743412820156706,4002.99127617087,0
1964,28858.5988734849,23.694589723832898,3764.8151742023297,1
1965,22800.796774681698,28.198256640695,3740.9009356876704,1
1966,29572.9758962989,39.230477804318106,5006.25382336323,0
1967,21982.0173736662,34.915516287554105,4265.17370408717,1
1968,45576.8383620307,38.6710497550666,4952.65334579666,0
1969,55068.6689373106,51.757359795738,4852.7665976795,0
1970,56441.016243770704,43.20699110673739,9043.75604444505,0
1971,68047.9253106751,47.69451985834171,4023.06476529586,0
1972,36275.735863018795,30.3081837417558,644.384194795452,0
1973,52389.366847928606,54.9693128112704,10398.8205918487,0
1974,23678.3761112019,47.466485101264,1779.8145966117602,0
1975,37707.6429477893,31.344047871883998,268.29097076779595,0
1976,57753.5689622164,54.2359153465368,5067.44996385047,0
1977,30529.963287990497,47.6044022589922,6046.84084474272,0
1978,44022.268736735,31.1926267999224,1707.6728696492498,0
1979,58533.884682692595,40.5189625560306,7832.44332069255,0
1980,33702.531834133,48.148403590079404,922.036589731527,0
1981,40236.8720667437,52.5807728450745,4354.314411943979,0
1982,62619.1559876315,43.9994611074217,3959.6117718741402,0
1983,50738.36219264191,45.9931990671903,9719.56279821605,0
1984,64466.760137584104,33.3271440174431,8537.36966588191,1
1985,64636.4021860063,60.8869659984484,2583.1064251157,0
1986,22371.522190515,39.142225323710605,2291.85642755991,0
1987,67994.9884698726,38.622259384486796,7289.014109090091,0
1988,49640.00470237809,20.542408631648897,5760.858733716,0
1989,42067.246446386,24.2706115185283,4601.60618266029,0
1990,43662.0926880278,25.252609259914603,7269.59689733384,1
1991,34237.5754192472,34.1016539284028,2658.0906316048604,0
1992,26300.4465540871,45.53938521957021,2317.39367782209,0
1993,30803.806164767597,23.250084119383203,623.024152762279,0
1994,54421.4101554826,26.8219283991493,3273.63182294932,0
1995,24254.7007906251,37.751622236333795,2225.28464348945,0
1996,59221.0448742844,48.5181794138625,1926.7293969037698,0
1997,69516.1275728606,23.162104470655304,3503.1761563262603,0
1998,44311.449262313494,28.0171668957919,5522.786693255141,1
1999,43756.0566049069,63.971795841120205,1622.72259832146,0
2000,69436.57955154781,56.1526170284487,7378.833598730591,0
